# Created by Octave 3.8.1, Tue Oct 27 16:06:24 2015 COT <hpc@arwen>
# name: w_1
# type: matrix
# rows: 301
# columns: 10
 0.4437310492101927 0.5617045685026842 -0.300923419525566 -0.2846947465614499 0.5657156174519171 -0.7507555649860517 -0.3500663392430557 0.3665522725184471 -0.2038939940982968 -0.7136029297948626
 0.6568627374792706 0.7552415978399658 0.8319593118702904 -0.4106172213498521 0.6128190621636267 0.4106068249139956 -0.7424764540956329 -0.4570665206987939 -0.8802247671858355 0.7917461019821266
 0.6169973959401047 0.1316938559965632 0.1208386540774915 -0.09240714491243052 -0.1376213022427343 -0.4254432866438324 -0.259875906658427 0.8099926312171006 0.9113117058008033 -0.7683164450873631
 0.6107011479307991 -0.5739158798974701 0.05637714235677271 0.0989850501535039 0.01960761704589031 -0.5718773858310265 -0.3881509140938347 0.1821957643009748 0.9416990230631479 0.2595218891972064
 0.527140565267092 0.7916855409967911 0.8620654343673346 -0.7703360669224893 -0.5385164619759485 -0.4581918325667692 0.1596584169835178 -0.3269182939188721 0.9409833891932553 0.8623140999702821
 0.8162751130222683 -0.4772466675216255 -0.4789134663399507 -0.6716028337662235 0.7949201241838937 -0.9292907638115603 0.2136177822907221 -0.868060514358825 -0.841001690277786 0.2860044763713916
 0.5422127310226428 -0.6426138586568856 0.2595251981474427 -0.3133124590321242 -0.813276033650563 -0.3932235290681346 0.6261237815818832 0.6098873050181439 -0.6801197464627581 0.2511114749312489
 -0.8194440282726146 -0.1769174866301338 -0.2265284441567804 -0.5795359404534698 -0.8855860752277435 -0.9609131475617737 0.6497821354816782 -0.3328267513988673 -0.9332073354926441 0.5993735828105455
 -0.1273054685941918 0.8599362769931282 -0.4020609791314261 -0.8523364631367331 0.1065781024889174 -0.8431800491842819 -0.9385918305190969 -0.2673892121894409 0.327442660622757 -0.1082172627098571
 0.863672831802311 -0.6047702304830637 -0.05883087484336202 0.8528107459491197 0.7223286164618288 -0.3733215107819982 0.1402455837509606 0.7862815404138637 0.6933732606243133 -0.9751060838857019
 -0.6667969036431282 0.07926521004952636 0.4289452598641399 0.9415950791260048 0.4525473235976227 -0.04575945268281723 0.7518584745645804 0.2314023374813823 -0.9617490028926851 -0.8733031941253157
 0.3902712595446756 0.1819742479020354 0.4077827542996604 -0.05677074404138749 -0.6179705575524718 -0.6848681729258838 -0.4923274323416155 0.4525208435366579 0.8297611402570537 0.459637780015492
 -0.001894712224945416 0.7641455615647696 0.5040571818107493 -0.732937141967858 0.6306117053472045 0.1818795065576959 0.560213669908916 -0.7163298210464709 0.3894274191547376 -0.3147363091695868
 -0.7348841729712167 0.9503072061018789 0.4084092896878007 0.6108479888161278 -0.2741355472589785 -0.7162264777555477 -0.1318472726506464 0.8605638364962263 -0.8805318571686317 0.9196342326956355
 -0.7149892666393872 -0.5236675175796422 0.1899654447493235 -0.04776709347149388 0.8691510186507341 -0.213807030764496 -0.7330113742190348 0.2247715284423233 -0.1222001849011248 -0.9252598048576671
 0.05605319292362143 0.8572198169917025 -0.3119649025530077 -0.5651604228071511 -0.9851676541616931 -0.73207603682197 -0.07351361893609909 0.7786021767409868 0.2550581008611814 -0.1637297119561071
 -0.9647518627095718 0.5673803133681345 -0.8231130874183551 -0.133582321039191 -0.6610193202731408 0.4272607896050533 -0.2677569272593797 -0.02309532783354207 0.8499117519792747 0.8816029280681346
 -0.04225497607129969 -0.1175184827045336 -0.7266251368261906 -0.506410973916161 0.3532754215149594 -0.5676717244238724 -0.6789134976394534 -0.5891691212960687 0.3864397027617181 -0.1589925727000446
 0.02140707635478467 0.3392612542956148 0.04485255381502729 -0.7794768520952796 0.321483949912422 -0.3765857534874296 -0.5926713242816869 -0.1973290210187505 -0.2513191784162835 0.9827857010679393
 -0.8187375703613725 0.04002578804802903 0.7083605795737939 -0.2831487337944151 -0.7679309831196163 -0.07927220618461239 0.7617209162350977 0.1880352629238027 0.5079320199896546 0.1768306363408503
 -0.3130515534651891 -0.4257949132715028 0.4954235316866855 0.9662152141855265 0.7579996375958982 -0.9577084462980953 0.5257229056170101 -0.1507868841869248 0.07646099493773817 -0.9833655960162339
 0.2297456575684553 0.0631538495286863 0.6178681309750345 0.01505480096746403 -0.5095526436978118 -0.6436246633570505 0.6852031153478568 -0.7369661975926897 0.777651673630515 -0.7435118901447441
 0.5725887224996113 0.3430611464849711 -0.4002446559948235 0.8648664400895449 -0.3776207557095935 -0.4054649176720296 0.3468057473705968 -0.6132127457015343 0.7073314259086585 0.8546674274578749
 -0.9148666346762654 0.3179598979271896 0.9871827435722398 -0.6702681366649549 0.213156622915244 0.157484225604702 0.2620671479738863 0.7240352285082583 0.9921687015066638 -0.9585707248032934
 -0.9128205844960872 0.5694425541212247 0.9692424132441968 0.3702581804568439 -0.2100128140877892 0.5113647107851869 -0.4277959640291734 0.6396193433258939 -0.5079356365752618 0.6949616675751795
 -0.4562580807077404 -0.8801118385874162 0.8162508824429775 -0.520655505915003 0.9462143322329293 -0.6858720574874057 0.6321760865879977 -0.8717626870095033 0.3859821083538126 0.5052983476126374
 -0.5784848032540025 0.1710700752056202 0.617959395407736 -0.986746531167927 0.2943894135456497 0.8959332941895166 0.2247132248023105 -0.2941349109415868 0.2941042957052953 0.8593725222156432
 0.2715534746810762 -0.948517679094718 0.9460356193482409 0.8277192145524623 -0.1712517421278753 0.7017092286988273 0.8461183502488263 0.4895922984546368 0.4424348876860047 -0.5769429388513073
 -0.3666700058783626 -0.7465546630527607 0.8133536845623213 0.2570368793401892 0.9735656407249573 0.5085991433696115 0.6345931951403281 0.4220440005739916 0.363286763202183 0.529281455367635
 0.3859811138831446 -0.11348805680994 0.9802799230599533 0.9182310114163992 0.7727027011386782 -0.9447219511328785 0.2670481795382451 0.6120185548025552 -0.5902886948370786 0.2743297277322581
 -0.7171008248017902 -0.8445160419997705 0.748694989627853 -0.7670570911200228 -0.2385143872918732 0.04894162212548836 -0.575622023588226 -0.7620903608715809 0.1632362212884255 -0.5658026243054778
 -0.01740880369009357 -0.3143124567344239 -0.551055983856292 -0.6890303296022421 0.3662007748262084 0.224196913986257 -0.5796940983247024 -0.6841346762311881 0.09613290282819764 -0.8219523162773333
 0.2605673302514173 -0.1971307994824113 -0.7948245585650108 -0.5851554289042104 0.6853260871008411 0.277173454580441 0.8321965800019284 0.2691371077211941 -0.08370412143321182 -0.493470737701926
 0.1397305783525646 0.4375581757458309 -0.960647566194674 -0.2426517250698633 -0.2689504675468201 0.60617749717112 -0.7912300701516394 -0.5188734434147025 -0.1653908102816931 -0.1216978426146192
 0.7635633286875596 0.4237783141723752 -0.8086126185908485 0.7307412557375954 -0.6849558684530545 0.4576479045900015 -0.05392150927505435 -0.08945259198404532 0.08812122324501614 0.1830082367201087
 -0.05270248072728034 0.3868260447212193 -0.489729245354909 0.4628825419723261 -0.3734677839380885 -0.822318625257824 0.3227054888238987 -0.8262833795578589 0.7022840568456761 0.5906889969960549
 -0.6619895474385548 -0.4660576505223387 0.7904524209560924 0.1633154586445653 -0.9810745526219599 -0.8745163844803788 0.7651565155893405 0.8501541284304479 -0.01426894685641578 -0.09069717982486158
 -0.243601758725224 0.123290581425233 0.05303271873979298 0.6980360763880296 0.2217455798313464 0.3842841504560268 -0.1718851277372063 -0.03290092950112855 -0.8041884872185842 -0.5624293122226017
 -0.004663151399305954 -0.6397738564227052 0.8791056459433859 0.675971239713933 -0.1519347831334693 -0.8198875170663139 -0.8942435207290639 0.4413855139394858 0.7936828534955367 -0.2206656377570845
 0.4107123341423136 -0.7376195106827151 -0.3457168381758454 0.468184937593338 0.3067163666992143 0.7401186459307194 -0.7526960368816576 0.1593056291967656 0.992011842778119 -0.931798374710998
 -0.170533170540549 0.3021010623047469 -0.3485049094532439 0.7353943057604071 0.9677407555425559 0.052089269283633 0.5806525448274955 -0.7691483460020417 0.3599827192074432 -0.310191161053209
 0.6510058712382052 0.9945011039891893 0.2893438177370373 -0.5168373541379058 -0.93226679889125 -0.9983728154260673 0.625151499573853 0.9860616266314908 0.8330500564864294 -0.8828325294772091
 -0.742886252697495 -0.8097866118660041 0.3344945283666949 0.9707795773741426 0.3974785262685703 -0.2816911530564502 0.3829366827800114 -0.4426102411625846 -0.7636418787323461 -0.1399097270498352
 0.130765856396903 0.5378955561984033 -0.2190218143097865 0.006795866125146821 0.2451238948061112 0.636432495833265 -0.6560088296345657 0.2016891785124626 0.5584859434798801 -0.560902529217789
 0.353084982182684 -0.07066561680329941 0.6598798923668077 0.919705131809359 -0.02991477414592258 -0.4834600906399212 -0.6016276338979091 -0.1781513094592212 0.7098345447563033 -0.6752670772058006
 -0.5902586777646447 -0.03976190762825949 0.2730664582001012 -0.2007498986099699 -0.1745758090719277 0.9869086464347805 0.8282875561173839 -0.5356521366308943 -0.3461906748701468 -0.713881274264356
 0.3154116444858361 -0.09728600052901226 0.1633927176268497 -0.5486405216563385 0.9147134667352859 0.8945141283238576 0.5531567055808122 -0.00148871281382934 -0.8246795429907373 -0.1709891862140064
 -0.3477221072244164 -0.2646587833896034 -0.5567843011329093 0.3807553905149694 -0.5505608580796056 0.4944280804687671 0.9480015289514858 0.4518145140220569 -0.05283917478406874 -0.9569436263811953
 -0.7985944054482464 0.6900514864287497 -0.4664236781318242 -0.3035188474686693 0.8480658968804864 0.8855421030976225 -0.9456677670241341 -0.910153676600196 -0.2629690522484492 0.04905251157550916
 0.6521035112673794 -0.2000034301000023 0.8963719827381635 -0.8393073511688086 -0.9383362738023989 0.4056589515735607 -0.497401072234508 -0.7162364621922989 0.1800080888841917 0.8661066440812171
 0.479485031139318 -0.1707291329229493 0.5088581490213957 0.399335148069855 -0.867400132769009 -0.4976459401815033 -0.3536153548357021 -0.5461126783684055 -0.4813139564326402 0.3499345689428111
 0.2946366814006578 0.5508450160556122 0.08401525109704355 -0.2942636629618242 0.2924534101273213 -0.3142716243533591 0.9850952201083305 -0.1242921703266041 -0.4282409196321156 -0.5590515697170223
 -0.06950321913889168 -0.158571399009391 0.7601445915546967 0.3841209991175478 -0.5102854202381396 -0.1775116989328563 -0.204710537094973 0.2369842907236785 0.8964581010156401 -0.5550453747536132
 0.7773784517905231 0.9297646050921269 0.5586390654330544 -0.412432822501357 0.8526947886368956 0.1491281635436954 -0.1903571089542294 -0.7524342168687937 0.542573804012193 0.954930143103474
 -0.786232340845526 -0.3733214297296629 0.1496539536299315 0.7517401564769717 0.1293354231968389 0.1673757054603822 0.9353434533017793 0.2511152679474902 0.1533817302326199 0.4208942765457162
 -0.9162092452274279 -0.4793574751657587 0.2356472438024035 0.9394292017809927 0.3628459521045606 0.6046153608595415 0.9116286904393893 0.2190902365296574 -0.7967833937840435 -0.3046305577060994
 0.4539648971803487 0.4994955753009847 0.8281678016049052 0.4068839390276513 -0.08929975286609271 0.8738472609345227 0.06583595870263315 0.4209381675850341 -0.2111955293856541 -0.5877864396879374
 -0.4836044921560169 0.5496833859731518 0.4800297437541088 0.5489634503836498 -0.4014774688412533 0.65765903781223 0.2540509677796212 -0.1514608156978522 -0.2336707445895178 -0.8309726066199011
 -0.04269953362464485 -0.0830750937275252 -0.4107086409900041 -0.8565828032192574 -0.8055933709734214 -0.9260468047235496 -0.4669436485620514 0.6337885711927602 -0.06932820286559493 -0.4439645578949004
 0.5310032992006553 0.1966148933493235 -0.5093073552334136 0.9980716468826563 -0.4244028198688071 0.5643411144455632 -0.5265151818447779 0.9863242063597739 0.6848004881768559 -0.3199734595659579
 0.6420364370138174 0.9381095225235112 -0.6004432515038508 0.5015963240067671 -0.9052398496288302 0.8767908760181582 -0.5219090173594371 -0.08925671101844446 -0.1658961355987066 0.4672593243139089
 0.8075801211081954 0.1492328223738755 -0.565414234882149 0.4356693155417599 -0.06789433371891318 0.835010450992675 -0.7691491115197545 -0.05012840205100388 -0.8298392405947265 0.8566002517268789
 0.5913476938846018 -0.9306381584203539 0.2333324316484873 0.9588401047889394 -0.220158237706746 0.4029028716257956 0.3187696063305072 -0.9001069021534992 0.7085768774829289 0.703538684951456
 -0.07914651343529877 -0.1537646186739215 0.7261025136351844 0.3101858901213557 -0.184517548325163 0.6520226742698183 0.850953435290019 0.232424734794674 -0.08897804766564554 0.8482519539617219
 0.6058696009126121 0.8235850971838641 0.8383745846298607 -0.2684648909685624 -0.0998338451433588 0.7076805018388159 0.7238720200341489 0.2731580709817687 0.2354701962852106 -0.7459662883486272
 0.3625983011171092 -0.9980984079927667 0.7416949878683643 -0.151958241777182 0.9402945930461188 0.09997004985271851 -0.191959659967046 -0.5825291047193565 0.197341766751439 0.9378537190872009
 0.1630832852706343 0.5111517177467626 0.8265803163752083 -0.4088408334732677 -0.2100857693227084 0.2653726461542989 -0.2493016197451449 -0.8891372483849415 0.1777077729576475 -0.4047717715313855
 0.8468391224116323 -0.4040067505619441 0.5796965207644553 -0.3121903488199728 0.8170091416406284 0.4893169047600487 0.06790006268712556 0.2136718333784569 -0.07182223851138569 -0.2788015649440122
 0.1433072717024089 -0.814042545438083 0.3323139605260454 -0.5590899250848146 -0.9986413450016877 -0.2056629127123385 -0.7169791291861208 -0.2668615287842787 0.3533699015005001 0.6419518114836917
 0.8935121597259612 0.5861691084879244 -0.04293254248490197 -0.4379311645501641 -0.8127016667725829 -0.7298176397733619 -0.6000421379988169 0.8544504703492939 -0.6327857369800597 0.3703719353569996
 0.02248549226532459 -0.7100409245522071 0.1664814183063388 0.2182400076351385 -0.0356113097106795 -0.1236341412114265 0.1271717668857602 0.9759840670813493 -0.7713471937023709 0.4092322053577289
 0.1597068488544051 0.238753798270376 0.554754745911197 0.7270262432624519 -0.7690078581502598 0.8309374840700472 -0.3630072804846202 -0.5950029220614977 -0.16379400930972 0.7851168473501813
 0.8158587748703261 -0.7599780851496821 -0.7998354702210705 -0.4133983157539062 0.007854634697762375 -0.9515570242850891 0.8320237180920409 -0.03293011685037606 -0.850856319664237 0.8181835036654324
 0.02441156319877669 0.701600231957308 -0.0250222271633197 0.7807159922641262 0.9535640611956369 0.5971294124124795 -0.8748119947222311 0.8658619036434816 -0.5511704122648523 0.8635788561673239
 0.4849285298892241 0.03016920141581303 0.9914024423777175 -0.03672099746774082 -0.02772957730585379 -0.8564924542246245 0.6268288031075941 -0.2549076188854255 -0.9602403207483695 0.7820273417624195
 0.475159382798171 -0.7498458563912208 0.9920709026768442 0.2537761055915759 -0.4967495115353103 -0.215499200126107 0.6578837518490375 -0.8403022138683708 0.07216539217488083 0.7703415001872522
 0.1513993866310341 -0.7965662343097969 0.04628773924298324 0.4594076472873614 -0.6481931814430447 0.4772497981931207 -0.3488092980020635 0.3273295217983274 0.5320597870797603 0.01148004140652503
 0.7757460153371709 -0.2572597708581784 0.6346043089749092 -0.6001522112278056 0.8628364016436407 0.9101830804783071 -0.6775269047635893 -0.2832061290037845 -0.9411398940507777 0.03403658348726912
 -0.6839117684326662 0.8714304599356022 -0.278694383708365 -0.1629110310622851 -0.4379885990890812 -0.4069986301913858 -0.3035553890104047 -0.7817211101951077 -0.7933180016683959 -0.5416908450735979
 0.3537402589661665 0.3804329465119514 0.04234596681159419 0.1566123124468204 0.4522250752770549 -0.2291776932785413 -0.6558431996575115 -0.7048272867584083 -0.01946242251805053 -0.8928255144483898
 -0.4979924709246163 -0.866094317830307 -0.9212057999964186 -0.1064154443827562 -0.9042230840053808 -0.6488871745985442 -0.5888343771653329 0.3007040788907833 -0.271242420635701 -0.2199389651625133
 0.1840673566222339 0.8155498825694276 -0.7472431935777165 -0.6096776112599701 0.7880666781566579 -0.4858581697319745 -0.7191198825665989 0.5441487018160927 0.002406598362248324 0.73144597563362
 -0.3613754656551355 -0.5371717759006834 0.5457921334501097 -0.58826626423988 -0.2031842694388742 0.1241417083895184 -0.9257398609179052 0.5136978196546502 -0.5739492561260336 0.6267118541862355
 -0.9636304759844042 0.8225545052673886 -0.03698238192666981 -0.4713289032953575 -0.08479820492138834 0.3692860256780568 0.05547354752550526 0.4127219142450989 -0.84349561418857 0.6779526226062409
 0.8053658542754563 0.8547450888727883 -0.479292313113815 -0.3940683050741561 0.4809947001785431 0.2236400176160733 0.4409457352534358 -0.6351141058341464 -0.03371783617954438 0.4871571215469452
 -0.6784625743770124 -0.4435990247640605 -0.6586127852719627 0.1158695241348997 0.4103181220600756 0.5566788862988488 -0.6015626337984691 0.3802642788595314 -0.558531816300237 -0.7189107561006564
 -0.5596224187162381 -0.3851349649530816 -0.818056529439024 -0.3710754989657118 0.8217433937250891 -0.3965711953289034 0.5110911188224578 0.9087943438989192 0.1658313666292039 0.3338211416248629
 -0.11023839145238 0.9053700255881323 -0.2684789852812529 -0.5213750285549225 0.8623445321320298 -0.5416025371666792 0.8445639884234677 0.3759782083030561 -0.5487762487648794 0.3248932553541342
 -0.3808702982724222 0.3390768014545984 0.9729004925965474 0.9183047153774195 -0.07785476380256273 -0.1662526590925318 0.5001049497160039 -0.8289459671574549 0.8056934139912142 -0.282729251627411
 -0.07327135727644973 0.03872889130175317 -0.5072351504778231 0.1225993914401942 0.4542321860374248 0.7977879197867113 -0.5037624788383669 -0.4462463563702871 -0.4029038611252113 -0.435024735650643
 -0.009640557348809087 0.1498860023850568 -0.6565997085935896 -0.4738286898167926 -0.1010600410322228 0.6735555614640298 0.3738389634327399 0.8008176633880573 -0.2506969204883479 -0.457057426736203
 0.4514565240283326 0.475214296080305 0.2615191447150647 -0.1790839137700718 0.6173247049970139 -0.6579752052610296 0.6859303601604019 -0.1118858301837266 -0.1379697435138157 -0.9088945506792686
 0.2892849296107356 -0.5258911473581133 -0.06230375541239874 0.3088851818887948 0.7027734176843312 -0.4043955226459014 -0.362442204936181 0.5341962289508835 0.6676834753468766 0.4151413322986215
 -0.1852802891276307 -0.897939937736027 0.5529155438970832 0.8692218444172373 0.9197189889007134 -0.3120958124803429 0.05320233600564062 -0.5251087989083231 -0.08368829840069891 0.9477563326516307
 0.9874756934737674 -0.386745885235955 0.6272670258790036 -0.4436009140613894 -0.7099979233476804 0.0625214500211444 -0.1801118782482162 0.6066506910563398 -0.9466315469536074 -0.2228876956829783
 0.8292750281002195 0.03601414433615613 -0.9199960266540154 0.5723801051944462 0.9249117909071027 0.2536736039046485 -0.2617409194841557 0.08064346956506685 -0.4624837234342228 0.9823474379518649
 0.205138206861494 -0.9156634343828772 -0.1243518464178147 -0.1111713867324217 0.199872360891735 -0.1241169904074145 0.5930230449526992 -0.2252408151403883 0.8439665140279624 0.9589256915840985
 0.7218651473845004 0.1159709160423394 0.6613930373065988 0.2878357287873532 -0.1318124133838458 0.5243897544647524 0.9205918168982792 -0.6272112917488025 -0.3487876622326397 -0.2270886370139268
 -0.07675041660993609 0.2499678490737842 0.3958273364728606 -0.9454866611417451 -0.2481944989848995 0.3582585383104953 0.7097150138307611 0.5072135611593611 -0.3049417858055959 0.886079667507532
 -0.1898736364659656 -0.6893814335351219 0.5717145049710031 0.8113863289762164 -0.867930330807677 0.5455276404074572 0.3811045159684956 0.7185108928394264 -0.6367235460082971 -0.4477024016909638
 0.6824811914470827 0.4332559943619461 0.06144024189800357 -0.09463194810079967 0.6610948913003922 0.9752000967229375 -0.7028699514122688 0.9013911758247286 0.2271871441884818 -0.2619777826930317
 -0.2468601267506531 -0.6120496039789342 0.6164739653543312 0.8283782077108741 0.03237362682593448 0.5242119254321493 0.2485079125800618 -0.8664019177818961 -0.4228640753020892 -0.4710533883513243
 0.1487105823353103 -0.4821228149037126 0.07440036825195073 -0.388627387344212 0.8590518143343029 0.8122732076732373 -0.8259647997866558 -0.6373213626544273 0.5649049378521342 0.01614917346380706
 -0.4288656481340735 -0.1834727200126619 -0.0879308386013381 -0.8880589447877828 -0.7525577614127935 0.0285558952160776 0.7784636509499152 0.3044999793766514 0.8359433653955304 -0.801440929609507
 0.96313220462411 -0.4079373513104264 -0.7711795297163661 -0.7291466210207821 0.1560600786856896 0.1877819615741585 0.07314877827489319 -0.878146517022722 -0.4811589226689498 -0.4047758077965741
 -0.3259169131343939 -0.1402146012188367 0.2648589134358614 0.4069398043626911 -0.5744078401044949 -0.4457896400531846 -0.4270346506450312 -0.7774416142508366 0.4221299711114912 0.1497780113814402
 0.3771366811996055 -0.5071821577644066 0.4726611512313814 0.3688144176963617 0.2562729766535197 -0.3726721014085604 0.643809982331573 -0.7496200260238747 -0.6237062775607024 0.5217323139253249
 -0.4887815295884911 -0.6295484562872183 -0.8998339645628789 -0.1033874593608407 -0.08028280872619009 0.8472423717456672 -0.2646895867383848 0.2737293235662863 0.02100653653374707 -0.5391742698630689
 -0.2928867429408003 0.2114211214905448 -0.3396304852972841 -0.4387540797689841 0.3520776508449348 0.520698024206518 -0.2455075315146616 -0.06423596269483844 -0.09404503895622807 0.288700777119649
 -0.7704084839037729 -0.4458693148297342 0.2483274391114443 -0.6568567064504246 -0.6021135460772394 0.8956677784515608 0.5942611874325796 0.01380431075589428 0.4863099632710091 -0.6619000180273252
 -0.5219798583927658 0.6429876424927035 0.4729845718251249 0.9102222267340068 0.1835635223174252 0.862576818686507 0.8370514639782227 0.8040502810417753 -0.3714749877493017 -0.6715061440722055
 0.22749598338735 -0.4115317121437444 -0.4774483633145102 0.5553966867879743 -0.5052500833384731 0.8519042435397053 0.1426702154893411 -0.4036174332013359 0.155278292559651 -0.596255521840153
 0.322241573133506 0.3195572811435679 0.3214468387414404 0.873801696988066 0.2710176962499369 0.9644656462665393 -0.1423928350176275 0.006139912062694597 0.4446422127958485 0.8480259708812929
 0.6125374726343855 -0.4137483420053391 0.3027681205637853 -0.8612696175066482 0.8415268421851247 0.5218280495844689 0.7550340042500863 0.6325978010068691 -0.3656861718341814 -0.5654856612484397
 0.4872342752579741 -0.5673827207540701 0.9189406542310934 -0.9170320704913618 -0.5896492303505244 0.3319411957413378 0.9772946944093832 0.5249169019051074 0.5775732554322137 0.4841244507435016
 -0.175352420408924 -0.9124702415338523 -0.7530215902683052 -0.1711442939531297 -0.2815724191313497 -0.8837487266089062 0.2686227799535037 -0.2910008771075586 -0.9097660374444198 -0.9493365354027353
 -0.5205928115222666 -0.3728016233650312 -0.1192187234962953 0.02274359901994938 -0.1653975356445957 -0.6925494341871926 0.9366241596351963 -0.3353335796422144 -0.523241458167362 -0.8330210180545269
 0.8671173908577874 -0.3185226315102364 -0.3725958344252566 -0.8654576439054312 -0.9366375777704664 0.5841300914728873 -0.6329612324909165 0.2649287708785875 0.6823341322218348 -0.8122839023051226
 -0.3843468304942245 -0.6490036293049671 0.5933407905579013 -0.9881656707273146 -0.5284878341889941 -0.08204795854440416 0.8572809269574906 0.8334921465340344 -0.6899786807538412 0.1991262789273311
 -0.285465474705738 -0.7168650824718429 0.6742010837360293 -0.4258448591513481 -0.5523832236493232 0.4238469915172969 -0.4963901859302754 0.4475644128492307 0.1539661654075812 0.9777742205007529
 0.7600908725575939 0.5092044179041275 -0.2584163591916783 -0.2242028950158311 0.3446645992901689 -0.2830162887837949 0.5756867609136449 0.6231641300417581 0.6693386997443207 0.02298701098203049
 0.4562104502215727 -0.1955250960548754 0.8653604052580517 0.7866688527663472 -0.1821499994926322 -0.6718199975494547 0.2742069510961966 -0.227377985431234 0.0286948439826189 0.491131221719348
 0.6406765680537931 -0.2353769304253236 -0.6412840185670418 0.05412587160259053 0.005915246476670744 -0.1092678615696029 -0.8595070717209153 -0.1937115728647502 -0.1782962994774285 -0.009878838842229398
 0.5758322704220755 -0.7482370080303556 -0.9872899137695145 -0.9875903000162279 -0.9098976391930557 0.2834614970570817 0.4126291427883928 -0.9497938001213445 -0.927329015591296 -0.7081041933454045
 -0.3271170582360855 -0.41596887620767 -0.83176281531331 -0.2439970571637723 0.151097603006688 -0.8688103848737879 -0.7795974658015296 -0.65380951031245 -0.2555498741973455 -0.2116026114685946
 0.07820523807568858 0.3720177495293178 0.6919591345829532 0.4801792006281804 0.0943619705423322 0.1773336160554548 0.6590573677174392 0.8522294563758768 0.6319259150417302 -0.5489288167303735
 -0.2715824821959164 -0.6963836184794051 -0.3772912190539631 0.007833883663365349 -0.797221994174104 -0.5880433752218978 0.2558992338393504 -0.1867002878084719 -0.2547898165557708 0.7451079480984
 0.07810132008478332 -0.9137162207518316 0.5063578065969743 0.1333195806826113 0.8027347291732601 -0.9072321560606512 -0.2945275777420157 0.3716079694173842 0.1074428291223386 0.3227016963263976
 0.881833949105201 0.6102664057451588 0.4951135145308032 0.6662407030102735 -0.9610187496945132 0.2073920983621778 -0.2448966417224302 0.8425591046594847 -0.172049492245956 -0.3556001111507191
 -0.9717826696601909 -0.9879113322274619 -0.915807101295771 -0.7962549620423464 -0.3242872991175746 0.6770847516381564 -0.2824975527021049 0.2512019565871073 -0.2854623352149673 0.8204818198766441
 -0.1931091242600104 -0.50686628113123 0.7233339319261389 0.6231843524837419 -0.2919177042329105 0.3417992168649224 0.1310273128108095 -0.9614622483068437 -0.4383426504371323 0.1877649650051445
 0.09920732491824857 0.673736269530844 -0.1904294747734109 -0.1814235844654056 0.4839125296216387 -0.2085257500123613 -0.3667130403371156 0.3871414733246934 0.9351318944879432 0.4775310604471501
 -0.5317560154573507 -0.7726738056827914 0.2453688956796642 0.996559665917375 0.0100314341638954 0.6864575010398251 -0.6321610233574134 -0.1065235320121861 -0.3359580395433431 0.8863330469492947
 0.4671952577976535 0.9471863859513494 -0.9763392158573164 0.6971200582241666 0.8562047721742374 -0.625740388975725 -0.4381767944321612 -0.6869747258734148 0.6018571909006318 0.5879334170082067
 -0.7407841516618959 -0.4168965212495047 0.4646342050540624 -0.7464940952979388 -0.4329297563220854 0.3847619744774065 -0.1876395354795283 0.909771445555559 0.805409884576715 0.03998945860118708
 -0.6612963828230612 -0.8692118952786286 -0.5610913053862771 0.5897679207857103 -0.822665773044169 0.7339737106629678 -0.2900687933017382 0.2323628700519722 -0.2643856219323754 -0.98368887417795
 -0.2729625795881522 0.04229014508103823 -0.7288816578496037 -0.9448358317581199 0.3465751003903821 -0.1279109728822542 0.6030090611490091 -0.4299957857716651 0.7153874294541926 -0.7339152391609037
 -0.8150479756896812 -0.40400443972073 0.808314436555805 0.1368475496281469 0.589676542005072 0.7657217081191059 0.2209447629621899 0.4676796432939072 -0.789196382828666 0.7321347801962621
 0.5971988309011005 0.8733059411372757 -0.757389303939901 0.9568874951756008 0.3238186501377327 -0.6259168011002493 -0.9574251725161386 -0.4557277922741944 -0.5529321453326231 0.6497600457722676
 0.133681032537396 -0.3773551992844925 0.4123770353501393 0.5384943753523488 0.544010360061701 0.3796090452346144 0.3456113162952739 0.421137540091294 -0.8143567228652188 0.3405644355554589
 -0.9292524620614405 -0.3779731546481248 0.3986410787436172 -0.7177333720562754 -0.5352439130140064 0.3161961302299581 -0.03369783660195769 -0.2718112103275053 -0.5756496991010834 -0.5358035818367878
 0.832686229878012 0.06034562808584987 -0.4676602789694836 -0.3746338399274146 -0.1187268228217365 -0.5815186883615037 0.2082400841243028 0.9607122552962095 0.001511746827688398 0.01067294249628525
 -0.8372304916403922 0.6366031526506606 0.6243708197841344 0.3342268543550415 -0.645149241316645 0.9014126641957976 0.3186755010037501 -0.3236588512808652 -0.1175594567251422 0.4705039358387442
 -0.3047928574354665 -0.2188780353571395 -0.01263510915709432 0.3489167458999287 -0.4848298705435149 -0.6742677551082842 0.5291941334428281 0.8834184828254945 -0.5775845091271276 0.3913992125250509
 -0.6575827275773035 0.8316272990876981 -0.4172456944703399 -0.8471266657833086 0.2155616398926066 -0.404651461945399 0.09555681634537883 0.4019854966579341 -0.6423254821763787 0.9250843471328676
 -0.1829075145079188 -0.2848602601720237 -0.7371524813397269 0.3729556312272397 0.6774256423373877 0.8770911833257908 0.4981649305359703 0.01047851711506498 -0.2784425464586192 0.6546562492422252
 -0.4139729177819859 0.7635791563846148 -0.2863143244115763 -0.9411829179979326 -0.3146258969992001 0.658029303738868 0.4022593377617341 -0.7417668857535075 -0.8340492323832341 -0.3929221323576718
 0.7734806558713347 -0.4762227461798129 0.03790023309678303 0.2088297341443248 0.625230954612688 -0.5018685974503189 0.03382489098253205 0.5892344486413104 -0.1352668170333292 -0.7693932016877111
 -0.2563490366693967 -0.6254599025245783 -0.806098640979669 0.9595413080792168 -0.2006020105383125 0.03267360819730025 -0.977529572720763 -0.8008770996988802 -0.8233608174297048 0.9168156685237641
 -0.6627860977993841 0.2076829946257706 0.7820658767115858 0.227402857632599 -0.8284909761205529 -0.7968098920561871 -0.6519618161465789 -0.04938418122067023 -0.7291312111033922 0.01215350555437977
 0.964812095042427 0.3858943097501415 0.8195268890268546 0.7721203948016784 -0.8764726034307534 0.4653599597389899 -0.06270359902883771 -0.9824101659145937 -0.5635572974546535 0.5100216461650446
 -0.5494259496569261 0.9471692056798955 0.3409741021055648 -0.3205336033169851 -0.7324309040838902 0.9006895140672164 -0.2682284770368727 -0.6456236108955046 -0.3830438180825636 -0.01045024006825701
 0.5534324560351169 0.07225968535346339 -0.6540787095540302 0.6734825688462143 -0.2869433890594489 -0.7153058273920997 0.01664552342676728 0.9137046233171608 0.5459224110788012 0.6481388390840797
 0.5914336201449204 0.3972372320405868 -0.2376219033329406 0.7927138207637059 0.6495880235562739 -0.4818847150851332 -0.6062782879503127 -0.1824109725084636 -0.427960974489115 0.03755022211124515
 0.5290931489535489 -0.6319421379984905 -0.8365982754544808 -0.8017692517848541 -0.2838064509680643 -0.5264497942865632 -0.3244594112393585 -0.948799409712289 -0.5208537538113557 -0.7053363006101528
 -0.2063851521853416 -0.7968419621502459 -0.1429839998609818 -0.1978804566747004 -0.2154924792454379 0.8467269813240874 -0.9397966575473523 -0.9933403077018131 0.9695988795986707 0.2660443748559571
 -0.5629518316068342 0.1565924105588778 -0.5211660645125665 -0.1042284114302882 0.3190525973956548 -0.1263499184133253 -0.1241813633248819 0.5501822613843799 -0.2274781126289557 -0.8091303737348127
 -0.5871710456257296 0.842004056292823 0.2766462732147978 0.5644111609950186 -0.5975604441144707 0.08003957626314895 0.9459706589860379 -0.1462990122282709 -0.0238001849259345 -0.08853559776888031
 0.569914840821075 -0.6724032536779628 0.002251118481339853 -0.01077459567592742 -0.5208281440238426 -0.6831148091209519 -0.08685952503750494 0.4653494044192514 -0.1407218101045989 -0.7178561831936029
 -0.6587307582920167 0.8659423319953319 -0.329338469220617 -0.4424348599033833 -0.3783314442461526 0.4666590992391337 0.4501489859769594 -0.9285002951759503 0.332577759081069 0.8558405710236385
 -0.4372039115927308 0.1067931547868755 0.3425960476540248 0.4516176663432923 -0.4659615714640527 -0.09418056490339721 -0.6415221892074495 0.09034998668878469 0.1766666269506298 -0.8001118929869878
 -0.3043955941368238 -0.009312502276297763 -0.4127479078194755 0.6030601241429596 -0.05361696855312104 -0.01464281680258217 0.2811955322165702 0.6847286030094553 0.2124233309210175 0.286741891289835
 0.7392803560478944 0.1252009605806932 0.1011711232423906 0.9401444046210325 -0.5404597403589521 0.9354806168644174 0.9535459423738435 -0.1428463941228589 0.006577662717876409 -0.4833215876069833
 0.06244848576814488 -0.5372296239851685 -0.9171779086410968 0.8660617643615363 0.6543460964268797 -0.04678762119954805 0.8340345688537734 -0.05792553581655813 0.9657896404677477 -0.2301969252902559
 0.3854610172973156 -0.4127819281618296 0.2957799060165345 -0.1780017451559067 0.03314084204321555 0.8171660780821755 0.5948310749545596 -0.6219931410278347 -0.3718301428410385 -0.5637197358227924
 -0.2909663572052702 0.7025243008602762 -0.9777566029568873 -0.7729687387305385 -0.7123807385700175 -0.8092051391694201 -0.737438827627713 0.1971256721221144 -0.2096859831659744 -0.04711095760380835
 0.01193699205825438 0.724892695330662 0.6839076039677097 -0.6602696469272381 0.9182939365574765 0.9398275136530361 0.3380235706179167 -0.7413978268088633 0.8101179716608957 0.9389056189107921
 -0.4200994032291357 -0.7074707406442472 -0.03967782529728081 0.3480808119592929 0.6511153318592835 0.3153718872912659 -0.8272183829205976 0.6134543789421756 -0.5262517369759802 0.07589092759532923
 -0.364565506614147 -0.2872538736042175 -0.02904331263180204 0.676992275526501 0.1329118499557758 0.3672099813587835 0.7905613989376707 0.8194088549398104 0.8335841685891356 0.02387974062896903
 -0.8141831775726808 0.9137262257605534 -0.07655046288582146 -0.6814059913118929 0.6438157301602117 0.8714821688880581 0.7457963872588553 -0.06595826705124164 0.006061525460180794 0.6905247394073135
 -0.2724841380877999 0.4336408289890066 -0.07747016836222465 -0.05068056458639891 -0.7235683455697416 0.5977819742149015 -0.4217381966505748 0.8158943320421075 -0.6102362330597332 0.8975299559972674
 -0.2660721527799842 -0.8847972865116932 0.4077380316469517 -0.3381119869005796 -0.245837833815027 -0.7046943819745507 0.1462802566688763 -0.1923937214279164 -0.08614548507332109 -0.8896893272640943
 0.3902314269549612 0.9216491599311056 -0.8035960752165258 -0.8311659348923522 -0.9263968206062988 0.4321898931052519 0.5243679452542831 0.8292759518905504 -0.9596845018672938 0.539592439135133
 -0.8968409602276052 -0.5471663914522517 -0.5479011218355706 0.3495006455611254 0.1507688086346717 -0.008016768509728212 0.6980869601544173 0.9143639372912995 0.7810867003216697 0.5095126947543391
 -0.1942193155015902 0.15940950210459 -0.5122815431574826 -0.7956074901553501 0.8473247047263683 0.5987791073790458 0.8974264601000717 -0.7314892003679249 -0.250540011266395 -0.9714153098737442
 -0.9868256143071567 0.2197475849248927 -0.4984122117742144 0.5432321904396937 0.7773763969368612 -0.08636064802184718 -0.5750527716532169 -0.07852883191444693 0.3681455892516927 -0.7360801965095044
 0.394222730734382 -0.9515098938000456 0.6013534136820449 0.1057801129043958 0.323761637880021 -0.2033523248305326 -0.7334204197567876 0.683766416798433 0.05141565560156991 -0.6397060347799096
 -0.05026198917281743 -0.7818613988847708 0.3980946739322719 0.114538494454125 0.1375295963533667 -0.2685134311636409 -0.09011775341840422 -0.895160812885225 -0.9446465445100048 -0.5206796487806226
 -0.4466862325606972 -0.1698602781073965 -0.5075292107546873 -0.1909976726514518 -0.7336619904249412 -0.8314247467864929 0.4408773460774924 -0.1640815895912285 -0.1607427019464521 0.4996992858648521
 0.2295444520690564 0.6947850625785081 0.5169144397137115 -0.05550517850801084 -0.2507856693489648 -0.5291607381294331 0.7872997879089627 -0.3343930038811703 -0.8371612339782218 0.7479180680585094
 0.04559938670954922 -0.9821677195386948 0.5195642077790368 0.9691463436710468 0.456804176656616 0.4711172021645509 -0.6867697211559148 0.8276128883200891 0.2279074735154996 -0.656185528696058
 0.8068436174923916 -0.9963923313395958 -0.4726100112297321 -0.8778923223450174 -0.6089123129470683 -0.5371009805360533 -0.7629789846694887 -0.8723554115244155 -0.2555004367387196 0.8047086182202505
 0.08787218942360342 0.1222522414252794 0.6259774901073552 0.1200534196376977 0.8665115277150923 -0.1279780616447098 -0.7221614665789077 0.1209436824555714 -0.8336483748632401 0.4445440115832131
 0.2765458390661339 -0.9454990914839293 0.08453433230305851 -0.5113847211125008 0.841871770175707 -0.9146549690528579 0.4721081270463006 -0.6684022606294083 0.1806247411316402 -0.1386169275174013
 -0.5021203797555313 -0.2478744047353297 -0.6180081635722875 0.7696914520930724 0.3094069871260963 -0.3327887399934973 -0.3400262604878811 0.1903938159708585 -0.9629261236202075 -0.4653623258055276
 0.1902385433627312 -0.8568273742167068 0.2003911104621114 -0.5694716011476585 0.02698629782021156 -0.1025864727024414 -0.4868967963095024 -0.807351924738546 -0.1805525392646897 0.503650262186661
 -0.1527509010411338 -0.2699961264991847 0.2644987948651474 0.553084240077778 -0.8051904578511239 -0.1578490161274256 0.1908336279762757 0.911809961361244 -0.4279596417226691 -0.8346456995269954
 0.4920764786635314 0.7306690617055036 -0.2461815291262471 -0.906850025093053 -0.7114251383071662 -0.9644739234294567 0.04182712327175575 0.3459120355792997 0.4379553617225063 0.6169495059450685
 -0.1130094093238124 0.3928951887330443 0.02190432526503838 -0.8969040383510026 -0.7074343112612996 0.2306730086896447 -0.2740005190315603 0.09323708341709769 -0.2130817150433145 0.2161939922894012
 0.7912443282051562 -0.1793351381044389 0.1148625194794448 -0.425850841782227 -0.5219917657619463 0.1202798186301126 -0.9089243466410478 -0.6245334708444245 -0.3547408356569935 -0.5951537930310714
 0.3037259536845349 -0.7680099466415603 -0.8221465611865223 -0.8880771322857072 0.3535248825165878 -0.1630623263968677 0.4358865878989973 -0.7665430283643703 -0.5152314181100873 -0.3841093832870527
 0.8990182033366665 -0.5508960348372448 -0.1844935331493861 -0.2198844986117258 -0.01597075305298945 -0.5672390444798662 -0.2626583003441071 -0.9334779203618958 -0.970472138593499 -0.5939622974473383
 0.4782881507081822 0.4499923276084725 -0.6408586214599342 0.384104367941178 0.09664835564597762 0.9178703333017437 -0.3776330683617853 -0.1876770825415172 0.6029233706528654 0.6582734448850021
 -0.130122801298273 -0.7153149506811983 -0.6997812339799282 0.4360192557349603 0.2511685193773119 0.5501828795921464 -0.7747064018305095 0.1513242797132146 0.07255311620120142 -0.09640087693290711
 0.3488732133597376 -0.8151939948279697 0.4932920871348678 -0.01856394860192234 0.8570029774615167 0.3164037329245459 0.05232076279222109 0.7830119615339481 0.7995876312523265 -0.7461651029585065
 0.5941353701844811 -0.8461717747788563 0.9735089661272773 -0.3663238522770723 0.2372047603196661 -0.4690736575624727 0.1879327464038207 0.09031028378947226 0.937736759616677 -0.4055568172331264
 -0.2589058546984971 0.943022676405153 -0.2693037808157445 -0.2970803779326522 -0.01144309673364419 0.9019622679277497 0.04776174152380763 -0.7917092011829089 0.9212957578881609 0.1825737180003444
 -0.361668894829242 -0.3727338515095765 -0.4238174221369314 -0.4217429326929228 0.9356121949917495 -0.1050220925194875 0.8432146099743443 -0.9456876398530453 0.3552685869010885 -0.8367251911970514
 -0.4578745205977229 -0.631074095375964 0.1393810445465167 -0.8610489373618381 -0.7718795185561117 0.5846590866695898 -0.7355004548966685 0.3747170896520888 -0.9322703091000241 0.7575222012413863
 -0.5831002056463156 -0.03483261872565746 -0.03936468195691145 -0.4233228090812987 0.3424717243012825 -0.7547477134313395 0.9958574169863017 0.06887932142129971 0.1584741683625868 0.836118377380815
 0.2658464834632837 -0.3106326522925281 0.8732357899554124 0.212071360134835 -0.03443137838981747 0.4325983968676601 0.3346419419706146 -0.3764964386785737 -0.4528380402758733 0.1505958522015338
 0.261669559937231 -0.6962066712967433 0.09555530825529313 -0.3094043980042037 0.9837535469820937 -0.6909781371455807 0.9072357119998111 0.2480542118957825 0.1250764614173228 0.9241820072986726
 -0.09273466054080359 -0.2657785566037377 0.8215188482447089 -0.1373961264892219 -0.803972425429324 0.1470052397075101 0.6396305312970134 0.3109971036398651 -0.2358445370848606 0.5009676881314296
 0.9818350191011964 -0.399018997528151 0.604286426966804 -0.7859599776535399 -0.1281230414778579 0.9717723178728381 0.3870620718034086 0.1017464035300948 0.4053980532044654 -0.4393065758092943
 0.3243036483378232 0.3593346407450035 -0.2412175014913692 -0.2544364491134815 -0.8067558646002625 0.8497534218686222 -0.3085221924126244 -0.6866739822287763 0.1503877110186751 0.06024494127402535
 0.7626070883029246 -0.3343004574900555 0.5629848644571431 -0.9835790625116886 0.4373972149526892 0.3079112450636201 -0.3013379534452126 -0.2980505123736502 0.1831942662230774 -0.4042074990428824
 -0.5037480138034157 0.8961811734843417 -0.7256825808524915 0.2734541623125319 -0.3438449360543184 -0.925716305099951 0.8670354019692597 -0.1916550410037313 -0.9993689250805945 -0.3487872716064188
 -0.6577499938432242 0.3344162230823988 -0.8006938954617459 -0.9856050935551682 -0.9682841711906508 0.4078382531807496 -0.7573817211645301 0.2930573413044069 0.4835484557109093 -0.8662160378605001
 0.06632561697920414 -0.5361966644423909 -0.6678555627430999 0.1675229035934749 -0.8643594820345454 -0.6582498204686426 0.7812474995346088 0.4616039003378112 -0.4051271321480984 -0.1719040954627521
 0.2500816723969037 -0.9941173394241357 -0.2828857198622473 0.3738746690072972 -0.9919629582886597 -0.09113797954221192 -0.9457873232943653 0.8019487672664427 -0.8053142468681532 0.09575941230707419
 0.2057194947187408 0.0470086361949098 0.5284268707025626 -0.9557258609575577 0.6040805869535641 -0.4797652569838978 -0.4142174925627978 -0.4795331028577831 -0.04710308310363798 0.04834233907524821
 0.4916969190486133 -0.7631777254099555 -0.8008770892149807 0.8184066207030527 0.8050051143052235 0.1931606188229433 0.3835626484178176 -0.4111007172435145 -0.3717624687067912 0.6351896096616139
 0.8474018505628678 0.6169149467952733 0.8139715937481073 0.02058639976125254 0.5742995901658805 0.07463793559110266 0.8543001880823866 0.1317181998551422 0.4620309407554877 0.03833387295034618
 0.9475501925189578 -0.1884303295504751 -0.3815757883989105 0.990152518493298 -0.1412963439068727 0.7091241442003928 0.5781422630472661 -0.07520587138246071 0.3852656087221877 0.8755174231418861
 -0.1465366926156438 -0.855456109620074 0.845925197639827 0.3511213794036776 -0.453956268666177 -0.3621097441452611 -0.4079831418009247 -0.974630234801153 -0.8957980308035457 -0.4449813134795103
 0.1775194255012635 0.2857191496664582 -0.6320260851287692 -0.5248027978538646 -0.3727871649326614 0.3908682268904131 -0.3453454896747402 -0.6787048869310698 -0.4904102569132297 0.142958377523601
 0.1328903236208583 0.4043547409779897 -0.7274089865976633 0.4510979428068891 0.1609439833700925 0.3201783642545106 0.1263429412073185 0.2391341810085041 0.7557106206996655 -0.9456906180452106
 0.1211615945616302 0.5027583597638223 -0.532405024369342 0.49898514389794 -0.3413952350889268 0.9398078302464228 -0.9831743895620283 0.5300738579415409 0.5701600095669641 0.2811127632674744
 0.08412240218253286 0.371870192628974 -0.4448879379899952 -0.5966669049939438 0.3414511357203853 -0.7726134581756524 -0.39102200283539 0.5933291515128263 0.06094813459146242 -0.6171396537048005
 0.07247991136558229 0.774666715993984 0.8116802301392179 -0.2908114682143731 0.003744249844074954 0.9187879075429073 0.1451458858142485 0.8541492743388206 0.1142845773841987 -0.07590397889922385
 -0.948564496783659 -0.8378785040419278 -0.1793405493272192 -0.1172099352209045 0.4643832929769798 -0.2355715653161271 0.03325780062931116 -0.07270267074605352 0.01754435325341674 0.9106688344931586
 -0.7589997598163004 0.5064485691176404 -0.1835342333891111 -0.01312132566150293 -0.2041937342285641 -0.4428385858438376 0.5518534456583417 0.2399203819130677 0.0346127897168178 0.9101278958168655
 0.1428695561629627 -0.6664623650847509 0.4478114156599409 -0.8037050784280583 -0.3398235915533813 0.3243531004285038 -0.8987672730054223 -0.643091408956867 -0.2670600179236219 -0.2232840994074278
 0.09359009188323908 -0.4392553837248471 -0.6772080496675325 0.1013733056659085 0.321390875704648 -0.4785290239032439 -0.2663345742988005 -0.6106920536523369 -0.3071904643076279 0.698471777460542
 0.3636491082465547 -0.5623309966979154 0.05159112050071069 -0.2799677589209307 -0.4462809729452056 -0.6500416436490156 -0.4448982889562846 -0.796590588619997 0.9854174405063065 -0.8460306191944201
 -0.7307293490047696 0.4327475711626418 0.3485540329452459 0.7518408737925661 -0.9538468983341272 0.2374881270546074 -0.8655784987302032 -0.6567046729799654 0.9394776754085792 -0.7369018883826078
 0.3079672170950358 0.6413319201276511 -0.4503796108219021 -0.9338541286973835 -0.6121663680120798 -0.01259801446449693 0.7891548917268196 0.002051987127143162 -0.2167232022449214 -0.2609868498622628
 0.0228071365783169 0.4124519477113815 -0.6578187801303083 0.8407884828917371 -0.3709836507262744 -0.3278420585214709 -0.01835049400633626 0.3703738684608671 0.7227913916446858 -0.1815789733404186
 0.7026259315263188 0.5668549164770678 -0.3364105453380092 -0.803553309022807 0.9617070314773195 0.6157732749896887 0.3934988242278337 -0.1122880230445992 0.1091450055611536 0.6071115967445286
 0.8044976851889374 0.3361485778068405 0.9987409886251057 -0.320625756548727 0.3106049426740076 0.6192161789273876 -0.8719098262417334 -0.1735461993901878 0.4846948351967411 -0.4220278917506598
 -0.6437242889277822 0.4432114406098904 0.330870345602025 0.8691611707142244 0.5748086801960606 -0.7055001721335487 0.1778168625880296 0.6623948083649167 -0.891205507218379 0.6868914895258871
 0.419296080500253 0.6526728222389424 0.8801636278604115 -0.3393484282342639 -0.9101569588795136 -0.4198648889215354 -0.02972460594543669 0.6069928180284507 -0.3762825858608955 -0.02991908719651393
 -0.4406524919194438 0.553985136645248 0.125112640711289 0.8712339189758533 -0.7294929609709472 0.2478123691662129 -0.508318076828368 0.5946004195874237 -0.5180467804818515 -0.8084117243137195
 0.2003569060666088 -0.874462042194356 0.4326536121733882 -0.965365342825346 -0.6886435278153039 0.8765516597108027 -0.47459206434034 -0.1457895167139537 -0.9362898578631104 -0.498783349937746
 -0.2393023433531355 -0.1340554475329846 0.5075441339027991 -0.0343887237386068 -0.08114920756069577 0.2354581054503562 -0.5017474921509454 0.7333507637413066 -0.1242051638422962 -0.5542981944882363
 -0.162736363629635 0.4835632046733214 -0.8348428970337883 0.3315906373586182 0.3108777941713774 0.3031614845760502 0.05537209763636031 0.4041017782186089 0.4629565782671277 -0.07678415932816451
 -0.6257260329341866 0.3457391485533017 -0.6360930242040052 0.5022485532867134 0.6096795166705402 0.2085560370895185 0.5918406865700832 -0.8867181236308986 -0.1500030239898166 0.5028949303497481
 0.7827053726080844 0.9043170387014572 0.9134754381736145 -0.2456363959517937 -0.6321057086899046 -0.1603778495576463 -0.3616898614115013 -0.8361202638452642 -0.1311886669804961 -0.4982640417145238
 -0.8186533866705724 0.7663922706235464 0.3613351033030134 -0.628237858606029 0.7909988867093609 0.2238521293784546 0.1927348228258099 0.5915764664098933 -0.1751586957841401 -0.2824613451125776
 0.5214566106831877 -0.4861499129567161 -0.2065918485140247 -0.3469068143541399 0.9418436639100776 0.434433225821278 -0.4579238373294913 0.5511746171063427 0.5338287186313129 -0.8711397494771461
 0.9382184559922306 -0.9345567298440948 -0.2321933360602276 0.5881378516501004 -0.3638336961466445 0.2122332740498922 -0.2559474913592016 0.05886092041472679 -0.3510445431928696 0.6148900430296784
 -0.4748101054482269 -0.467814622514627 0.3948674856115921 0.09994148265869729 0.3831797110134672 -0.9640689894051634 0.1153245259834059 0.6237692321804036 0.879620487640709 -0.8989801538013878
 0.655798561445283 0.6838072509936466 -0.6338237136001593 -0.6584665634385868 -0.8320630316271421 0.6366875092563014 0.7690363365150577 -0.344649402564403 -0.4489111452019526 -0.1726201733221141
 0.9834169785985372 -0.9009937890871663 0.8658656968379532 -0.7147352887711901 0.2350736097012986 -0.7887865642591539 -0.1848517356022058 0.6455864973734382 -0.688964527500577 0.2618348525270044
 0.2392599764308561 0.411580353051836 0.6162158764751191 -0.9525641761851457 -0.769352847374504 0.02236247744661157 -0.02602365296505116 -0.1871673511868571 0.768467656370402 -0.5936934543590396
 -0.6661597071866664 0.5234951770059286 0.2579398802079249 0.5370741492363149 -0.1375539317932543 -0.6835158498843869 -0.5215350737071033 0.6582111716022607 -0.6171521179840579 -0.1176047443348135
 -0.7053829288280943 -0.5663135983305759 0.1533915381127113 0.243704883019058 -0.7573644835462835 0.5816429981150371 0.9260585245513246 -0.9509432114916371 0.7206369539736819 -0.6008742500986891
 0.3612660717633904 0.9442719365407242 0.01793029408442948 -0.4856156614562955 0.1586009418552647 -0.6613669164243633 -0.1568554187202501 -0.05131995068222561 0.3888133914951875 -0.9618834513027658
 -0.2066359742480425 -0.7505693438489608 0.4608713562261979 -0.306481066055745 0.8793017228798181 0.8353998494290542 -0.2918196762776303 0.4528503010798817 -0.9582206882109104 -0.8709390326070371
 -0.2084110604893502 0.5095655041991969 -0.4165137905183466 -0.7157780528414756 -0.6038866296915278 -0.159229078843777 0.8532848790895879 0.01690302704133662 0.7855683248008782 0.315408868547614
 0.5705550647387347 0.9139464921912717 0.8440848638664851 -0.6184224843139131 -0.01281173430813476 0.8504661765013397 0.6756221567056069 -0.8024137252149913 0.6021547744266593 0.1334673226851648
 -0.6545142123644297 0.4911125531213847 -0.5415617266550931 -0.01664767283770818 -0.2469825118397316 0.4890780483917592 -0.7931708857266996 -0.05114006170845198 -0.4024274912229336 0.9607884673122511
 0.8371153512251952 0.07501522541636496 0.7577253032600388 0.01000618881102633 -0.9282623657483425 -0.8328760420833387 0.465540763780889 -0.8927250515655526 -0.8785212732677522 -0.8511795186661882
 0.9146299401962104 0.4644155048997218 0.4359106506626107 -0.2462881760149661 0.02844768324436253 0.9361589022696382 -0.8048192037989003 0.7450699841380342 -0.5311012346049578 -0.2176158195068835
 0.8744659228131453 0.05921144706397286 -0.9321058134170134 0.1040975372345452 -0.6181733156497796 0.6890297542189077 0.2784017659164701 -0.163476091370104 -0.8264786580330333 -0.334202614397625
 -0.9658905524518945 -0.05882268664999224 -0.6347068269317812 -0.8488040584413815 -0.7621023898106368 -0.2389535705767528 0.3668632517443267 -0.111069777811735 -0.7331716477301681 0.2100364002748822
 0.8858516491172541 -0.03321570884504099 0.6156698803851171 -0.06947514714462077 0.3079617751124093 -0.7301869480792641 0.6975200680853142 0.2898860061105544 -0.5556272460347401 -0.8720018189285258
 0.1309711901663453 -0.4064175122522978 0.571547138391445 0.1599422969429054 0.5549728438511312 -0.08554305656566441 0.4295608698412106 0.0109355608867423 0.361020628798995 -0.1452843374463574
 -0.3676900086681133 0.1320923397175304 -0.8233763735001319 0.3285482741965708 -0.2895533767835868 0.8155060862589723 0.5649150446048958 -0.4201741750869029 -0.4038928451234841 0.08492142190495922
 0.1118691688322451 -0.7136397611062445 -0.6897615761636123 0.2972289717027321 -0.2812602424170311 -0.7360793493566861 0.05789071005679292 -0.05935251194355506 -0.2124149344681029 -0.6746656004579864
 0.8137438421941969 0.2335167177573072 -0.5118708323565545 0.8402506338780924 -0.2976880242448626 0.7532504684275132 0.5366464164393243 -0.3675789863326363 0.3968087398015092 0.7478378274114006
 0.6433566849100405 -0.4787745643589375 -0.4415029410436137 -0.6211665620766801 -0.5055057683643321 0.120899816044381 0.6545899047796715 -0.945927619795755 -0.5814984588685538 -0.4606004281657446
 0.07114735651458237 0.8238554660736408 -0.9904757472102624 -0.291102753134039 0.3151428460611361 -0.08707698075894055 -0.9667499640200868 -0.2472908013413552 0.6098280449592819 0.8533881059327988
 0.4875799941057133 -0.3572371837197356 -0.6496830227747136 -0.08157835610626984 0.3825589046800852 -0.2954840859054492 0.4933107594949948 0.7836575812143574 0.1476423424663225 -0.9066117206777521
 0.03996642795478089 0.7764421992933803 -0.7012308966543755 0.7078458212021779 -0.1806885337717204 -0.3306538875010082 0.5463230629729066 -0.9505322956529499 -0.1854044488394347 -0.03706661158912194
 -0.3382073108678106 0.7714656058243139 -0.7065613370592475 -0.636622859277557 0.1717847858415069 -0.7078100728064075 -0.8148309147232721 -0.5413032946113104 -0.9521081728681512 0.6074961197799127
 0.4094053876242363 0.9850144106038188 0.8513182170778568 -0.3714786146742014 0.7250504350555074 0.636721293641449 -0.5606747271559777 0.8786254980529447 -0.4100259191583594 -0.1310646922722202
 -0.5610945443487437 -0.1591157905215542 0.9255474225587457 0.3699992969028683 0.6780845846007419 0.05988249266256163 0.740812573139193 -0.3055082621812598 -0.2788839224575933 -0.1825733412797969
 -0.3212483097440776 -0.5253123596662074 -0.3285600243597689 0.7207435248400447 0.9416252198033317 -0.4758976868157611 -0.05011565146442931 0.3933515722166152 -0.1303557933304963 -0.8990212250836932
 0.04627364476653706 0.4048239455185894 0.4671726647195844 0.4808675433353282 -0.1375499095553169 -0.3899979999016415 0.01923757921558122 0.3602208947467271 0.8852833417668415 0.9343225051070911
 0.7212586113633348 -0.110593352425756 0.2147305608490619 0.2672634055160674 0.880640933707302 0.7588894828046351 -0.3240100673783642 -0.9962672892474796 0.07993886304783948 -0.4268198279213254
 0.9743148235701931 0.38896195118086 -0.4974993474186823 0.6238464491214446 -0.601509785799398 -0.0401686890873022 -0.5817378907350174 0.1865068014718254 0.4725006543807397 0.374598654094332
 -0.1758063589640703 -0.7825292917509198 -0.4449055325901597 -0.8193906818908036 0.929996172033227 0.7462556129636575 -0.9421218508325578 0.7922416026576513 0.8993596645326207 -0.5829506750451373
 -0.9985449975315753 -0.7728917066131243 0.4659477757148556 -0.9523635046864639 -0.5011329519788575 0.1027996119374253 0.803741374234922 -0.3252590165657981 0.5336219637693331 -0.7173364614249363
 -0.1017274539912004 0.9954565123691099 -0.7315628267169106 -0.1149432356197276 -0.4489665125634271 0.8908691445760024 -0.2372979833667307 0.8054913898191269 0.03264978525750384 0.2609830821898662
 0.9265922065037524 0.3957435830902007 0.7191394851640109 0.6657450102468172 0.8816484934872981 0.9512526828358008 0.288211445010681 0.8574292396866525 0.5930053902672783 -0.4406009600408688
 0.02156075883644437 0.4714570167751519 0.1639297391644583 -0.06180475095348903 -0.6430844145580531 -0.492702710701249 -0.6792619885074856 0.01297180153425259 0.2535260965327251 0.244386756980868
 0.2799568286998904 -0.6157388749224134 0.7857326821767749 0.8096853306691378 -0.3224603361761088 -0.2004410393760098 0.2027897936732375 -0.09696201038338492 -0.05315101077197337 -0.7206296150339949
 0.5909964922278514 -0.6309220121554792 0.2633129099679621 -0.450976064343621 0.253032155762102 0.6435977670070236 -0.9086228708915073 0.9677013802886325 -0.6218165254741884 -0.3632008310040437
 0.8762573003526641 0.09234678852414957 0.6303666464435429 -0.7597935559225232 0.4658886924778627 0.6410983694386305 0.6738923160867518 0.8767142980598803 0.03958812733090955 -0.1436805664516897
 -0.2835126397182791 0.1065079164620104 0.3839884202711132 -0.2948716224980242 0.6023710344406517 -0.8061253092865163 -0.1526914351641012 0.779047140356528 0.2491800966881326 0.4483636811873672
 0.1275004180195465 -0.7067064162264628 0.6886275575242968 -0.005696849866713261 0.06960465293997653 0.4750546089356582 -0.2475547507999497 -0.5986387396885259 -0.6352308417724214 -0.558563469419913
 0.01231490644553612 -0.410326931940496 0.07737282475916896 -0.9927940092693112 -0.09035857835829353 -0.6583683982382117 -0.4976278183914987 0.09571377954718829 0.127742309656895 -0.3136396697674825
 -0.8343322272588626 -0.8020315530520387 -0.2916930205733709 -0.3171012158445915 -0.4750871294464957 -0.06432246235071271 0.4548413660379362 -0.02313172486250237 0.4196249148660913 -0.4265881134989048
 0.7948670826952742 -0.1611016956106787 0.9227681215104313 -0.7331598505287159 0.4195266185762772 -0.8508838546200318 -0.6222634791471165 -0.74664861806074 0.3221388147933337 -0.251624702728393
 0.3639568609100414 -0.6727105553272178 -0.4562815828058554 0.2419680149853272 0.4488127946750804 -0.04040539337700999 -0.3504055423288052 -0.260566642776484 0.7592196644818969 -0.8781266451971729
 0.0126480353081091 -0.3595106254429185 -0.4245716792603026 0.110063946163578 -0.4511490649170152 0.416567511685864 -0.2030343176953683 0.9524935132457317 0.9979143916104016 0.7886735922188484
 0.04758517218259484 -0.2960753672956374 0.8585748405211366 -0.3572664529911317 -0.7055823713596144 0.4345617481454385 0.7352748153802036 -0.004616703532790312 -0.7767997046600427 0.4065432059810528
 0.2738145271199464 0.5719987113845826 0.7138966075889288 -0.3409232202253974 0.081285213335762 0.7696768656830679 0.6646622065680936 -0.9764887800279157 -0.3748335961793504 0.1274415605761929
 0.5222773883010785 -0.9434382490806988 0.8619783902794744 -0.2905877093817285 -0.7433327376530218 -0.3817831846446945 0.1594150555887661 -0.3795804026448774 0.176300400366519 -0.8396080147500647
 0.9288730053909051 0.2027379169211312 -0.7438875628868383 0.1495114803470601 -0.9218841792867866 -0.3946055515475885 -0.3364937762763905 0.1956466341461602 0.735519089925559 0.4087581611742199
 -0.9198949123702241 0.1108661297086531 -0.7651548671377805 0.9531039924633939 0.00969217269452316 0.1184994450364487 0.4910332259606263 -0.4995910416258637 -0.7034023684969063 -0.08557949806648157
 0.01143020063844902 0.250065200478347 -0.6514606691235879 0.9469657980672854 0.007145155602404474 0.6464330454905154 0.5648437420413772 -0.2161990817564939 -0.9346113826084176 0.9658894181868956
 -0.2245732488680779 -0.8751886729506729 -0.3535128666944317 0.4316016195340053 -0.1195530004528479 -0.6831969824873768 -0.8622989827203024 -0.3446619939069641 0.6973454603717419 0.8577685785106857
 0.664823616698518 0.7688066723625755 -0.8789779003380808 -0.3102303944007802 0.8665724925584959 0.4255227254823928 0.6232401782935042 -0.2486394660440615 -0.8827989712002894 0.4017790837188677
 -0.8146108686109644 0.6603631004902026 0.3690783460514144 -0.9288266349978992 -0.6392283145587482 -0.9621913914945851 -0.2556962727055948 -0.847994546642724 0.7452889089703685 0.3557405016761639
 -0.7157865388227186 -0.3787052887270358 -0.8852052917041008 -0.2352448224485738 0.3652642476984449 0.4710442474025047 -0.3020874540013335 -0.727647283650895 -0.693140272004514 -0.2592410561343824
 -0.4596954035336017 0.164040496252251 -0.4803064984338327 -0.009931619719762197 -0.2372157303971679 -0.5251312470249884 -0.1871105028427219 0.1174347647897556 -0.8583955605820671 -0.6119450554115754
 -0.1827762170096067 -0.5247037047950723 -0.6841059914288415 -0.3909892791386677 -0.4708245209589429 0.7191339397868091 -0.9358793618140101 0.7823533221035162 -0.8954676404369831 0.4093204655663794
 0.3382097227686633 -0.5603339582580747 0.5137475177270887 0.7750870224503299 -0.906004816302089 -0.08426097897398754 -0.3245330773764742 0.754412289475656 -0.224085781753062 -0.8940542190875024
 -0.05548477921883366 0.9210532615076719 0.3544463298711231 0.9732972086577065 0.7208868834136215 0.5311641275848429 0.2596224663848767 -0.08654614437907837 0.6970089034920284 -0.4829593738390076


