0001 474.550657301
0002 216.699148688
0003 154.154023339
0004 120.070889333
0005 101.412337088
0006 87.874411288
0007 76.430515209
0008 67.484299107
0009 60.379477137
0010 54.269554493
0011 48.740080229
0012 44.230469598
0013 41.880683240
0014 37.450646764
0015 34.854670590
0016 31.594088769
0017 29.712247877
0018 27.378673084
0019 26.005932742
0020 24.075895327
0021 22.216622281
0022 20.384861889
0023 19.658436629
0024 18.067213373
0025 16.917206409
0026 16.069034754
0027 15.212089063
0028 14.155993192
0029 13.766897966
0030 12.900896270
0031 11.916228094
0032 11.673226229
0033 10.857599565
0034 10.566733544
0035 9.996954997
0036 9.420682267
0037 8.775726575
0038 8.593442118
0039 8.249012971
0040 7.894609914
0041 7.374356059
0042 7.113424464
0043 6.680652392
0044 6.510315173
0045 6.239855806
0046 6.138341574
0047 5.935051288
0048 5.526929649
0049 5.511629424
0050 5.101617932
0051 4.750227337
0052 4.745466869
0053 4.532665614
0054 4.549917992
0055 4.421802612
0056 4.209474002
0057 4.045252365
0058 3.928066139
0059 3.875508238
0060 3.772234083
0061 3.565369963
0062 3.464390446
0063 3.381809226
0064 3.403291543
0065 3.238055533
0066 3.153759216
0067 3.208810329
0068 3.017471662
0069 3.021924305
0070 2.903703031
0071 2.805005200
0072 2.795620651
0073 2.654663453
0074 2.579245678
0075 2.579817627
0076 2.555744725
0077 2.525766503
0078 2.476911008
0079 2.377370759
0080 2.224274289
0081 2.369476158
0082 2.272072088
0083 2.237972213
0084 2.216014715
0085 2.141702768
0086 2.088868691
0087 2.082488211
0088 2.060409098
0089 2.011561943
0090 1.985810227
0091 1.959022530
0092 1.915718042
0093 1.948814191
0094 1.875884072
0095 1.875711367
0096 1.861090926
0097 1.834720808
0098 1.804621137
0099 1.802697548
0100 1.843213441
0101 1.735517585
0102 1.755389880
0103 1.731309328
0104 1.713777477
0105 1.662816301
0106 1.716070934
0107 1.692437195
0108 1.675028275
0109 1.653936640
0110 1.643344113
0111 1.648844038
0112 1.656177327
0113 1.578997744
0114 1.592384414
0115 1.634304113
0116 1.565146747
0117 1.609345825
0118 1.552365534
0119 1.585039900
0120 1.526438515
0121 1.561276856
0122 1.517814451
0123 1.559621150
0124 1.542913926
0125 1.529101918
0126 1.533423068
0127 1.516753153
0128 1.524358764
0129 1.520324366
0130 1.508029390
0131 1.515606004
0132 1.497626783
0133 1.469410088
0134 1.489986765
0135 1.500942234
0136 1.509672100
0137 1.458494504
0138 1.453425826
0139 1.490854153
0140 1.456867707
0141 1.474549085
0142 1.452569583
0143 1.440789972
0144 1.422168493
0145 1.421898181
0146 1.439827978
0147 1.444416100
0148 1.434503663
0149 1.443409422
0150 1.428833432
0151 1.431848570
0152 1.438566405
0153 1.433537887
0154 1.407525946
0155 1.418953475
0156 1.399811869
0157 1.436264202
0158 1.406498431
0159 1.386940783
0160 1.420495892
0161 1.459593096
0162 1.403808458
0163 1.385989342
0164 1.379914062
0165 1.367960362
0166 1.357539640
0167 1.369966889
0168 1.386775115
0169 1.352665960
0170 1.371563242
0171 1.337714580
0172 1.387015725
0173 1.347009291
0174 1.365218665
0175 1.386652130
0176 1.347264137
0177 1.352485518
0178 1.352430044
0179 1.338649966
0180 1.347742207
0181 1.323006679
0182 1.321001306
0183 1.365179970
0184 1.300097892
0185 1.303864305
0186 1.307673335
0187 1.328994426
0188 1.342175618
0189 1.326047707
0190 1.346110471
0191 1.300260416
0192 1.303689643
0193 1.321788364
0194 1.290406937
0195 1.303812896
0196 1.306474715
0197 1.293508209
0198 1.288453026
0199 1.278695514
0200 1.286096029
0201 1.313190580
0202 1.300314516
0203 1.270535662
0204 1.267885141
0205 1.278696516
0206 1.279017529
0207 1.267701412
0208 1.294085372
0209 1.263988133
0210 1.288888495
0211 1.263605905
0212 1.255933272
0213 1.268336421
0214 1.264494700
0215 1.275029296
0216 1.252914964
0217 1.238904384
0218 1.253529515
0219 1.251785980
0220 1.245567166
0221 1.234222185
0222 1.253859792
0223 1.232190455
0224 1.252199330
0225 1.230835065
0226 1.223635342
0227 1.246636843
0228 1.223825828
0229 1.245415686
0230 1.222962541
0231 1.231370586
0232 1.219197683
0233 1.238079704
0234 1.203475797
0235 1.196127629
0236 1.230144170
0237 1.197159606
0238 1.227003186
0239 1.222863913
0240 1.181962136
0241 1.203760166
0242 1.194466713
0243 1.196440456
0244 1.197012186
0245 1.216129316
0246 1.189339466
0247 1.183076801
0248 1.216207563
0249 1.189611069
0250 1.184742361
0251 1.179465838
0252 1.190293772
0253 1.192628254
0254 1.187905841
0255 1.182888274
0256 1.176364421
0257 1.185133108
0258 1.162815052
0259 1.171799150
0260 1.164686487
0261 1.174444831
0262 1.154453048
0263 1.163504977
0264 1.140881074
0265 1.168387552
0266 1.162519645
0267 1.151780386
0268 1.136267708
0269 1.148802123
0270 1.131559356
0271 1.140486710
0272 1.146731766
0273 1.149000604
0274 1.146336669
0275 1.146791682
0276 1.125033214
0277 1.134925092
0278 1.126669090
0279 1.145027482
0280 1.122154443
0281 1.121409079
0282 1.112377844
0283 1.137539662
0284 1.134262495
0285 1.115399807
0286 1.146199655
0287 1.109711165
0288 1.099021864
0289 1.117545779
0290 1.112848971
0291 1.136664560
0292 1.099138785
0293 1.107939392
0294 1.112054983
0295 1.098370541
0296 1.081852002
0297 1.098733826
0298 1.096484985
0299 1.107983975
0300 1.127595184