# Created by Octave 3.8.1, Fri Oct 30 11:43:24 2015 COT <hpc@hera>
# name: w_1
# type: matrix
# rows: 301
# columns: 10
 0.3079317620512368 0.5682621826102591 -0.5351882574404019 -0.3611912255974407 0.3448575554263359 -1.038390512883451 -0.5902178055606897 -0.05209192596447511 -0.4097792765773852 -0.9819941436477182
 0.6328014689947306 0.6923235764392704 1.398415340801729 -0.6709693232002851 0.2955633760028348 -0.4912363418100311 -0.405618974329388 -1.505798094718732 -1.409058740174555 0.5143155215617528
 0.4854810651998405 -0.3420744802776581 -0.7392505227409841 0.2896777700567743 -0.3429972343343994 -0.1507974889709004 -0.1284674378240029 -0.05193010687390717 0.3175342237771034 0.7970733749150866
 0.5366864606969206 -0.4027302265858694 -0.5154716525509098 1.156575199196685 -0.1815445216231217 -0.1588211894789055 0.3256874253689697 0.5840744033754717 0.1332298447427574 -0.4162496202040453
 0.3952317022582184 0.7792495110727743 0.1335846733896029 -0.9116084893233908 -0.6593717309647535 -0.4018539605993647 0.2648182440669771 -0.7859103276495982 1.219016520981466 -0.1132233215667842
 0.6953700719562725 -1.637419444527514 0.1034380283563624 -0.7920461345215075 0.8154148144819944 0.08587149679071451 0.2341083017242559 -0.4304822863332688 -1.012858274399078 0.07548059707210139
 0.4693018291350278 -2.182352248322788 0.8905651308938645 -0.05027313130008132 -1.446897969197484 -0.4071749839160813 -0.3592077367933717 2.210550696324268 -2.623441182554207 0.8655192627079039
 -0.8642262661825811 -0.3352564482513799 0.2957480979387341 0.4532568257842105 -1.242527294285625 -0.5197250918711483 -0.5611778202498275 0.3920478028628118 -0.5599909061847345 0.6667564668870165
 -0.1364155348805564 1.068502088026703 0.2978775284918925 0.588389299735968 -0.8200867763421971 -0.2163774039476186 -0.8198162882154453 -0.06120863219944753 -0.9106059884389304 -0.02469822372723021
 0.7908630424317143 0.07581093535130544 -0.5025999074580374 1.175568307564089 1.107207695092924 -1.350845062142435 -0.1983770151434005 1.496475318246647 0.5376319864068876 -1.395201465869536
 -0.7894227798490219 0.8178528806860563 -0.846186786242432 0.03899450254606778 0.5779243818078614 0.1170972946614468 1.228096305584841 -0.4505841769161306 0.9670137200282489 -0.05279329750699129
 0.2618683960858404 0.1105085641623597 0.2868159453415291 -0.3968919307713997 -0.1636214277374461 -0.5696056425642871 0.1134944485039504 0.3512075848329632 -0.2045228365472392 0.3319393039701302
 -0.1359881950777651 0.7996334969225075 -0.07614592096763248 -0.3390659087716166 0.4171003124674212 0.125979369961844 0.3085614861186947 -1.066659929525216 0.3973471331885821 -0.5820991462827464
 -0.8601752231219209 0.5064912919891901 0.4131791522825266 0.4301952715118876 -0.4940103076418319 -0.3825409859822457 -0.1818081138212958 0.3594571877438022 -1.016903257307689 0.6366559275509851
 -0.7164126450233566 0.4971969034737677 0.6130514719416854 -0.3973665930221352 0.5728979605135611 -1.091845323901063 -0.8104593854015975 -0.1022085419043699 -0.3413630274487004 -1.021759502330834
 -0.01856447888368321 0.8393262686972374 1.260774495454808 -0.7422669787870801 -0.4844445977202061 -0.733497746883819 -0.331774079339702 1.358744012583077 1.202722202950959 -1.783543471882225
 -1.096748828203036 0.8300805570006532 -0.8881596347896596 0.01212565244077854 -0.828556195275256 0.1493818638202679 -0.6630428767711495 -0.3631315750843903 0.6449385165809907 0.6581153044838643
 -0.1068878782011783 -0.063097262823053 -0.6046242189846027 0.4131011359317838 -0.307029959631002 -0.5840355557918024 0.1224713719261095 0.0191035633246576 1.311105262294552 -1.06438605475807
 0.008560689238243277 0.4762421548257998 -0.4666171685838629 -0.4040750229240598 -0.1546360739828797 -0.5863246127927609 -0.04343353272290934 -0.1624382129458322 -0.3693016659965171 1.254112731669867
 -0.9507509212412878 -0.6006782110367604 0.6237578986032523 0.9151261541149744 -0.618228490437016 0.2387556547948936 0.2284215916839077 0.8617111521222095 -0.1776616749815396 0.01544753987704783
 -0.3188890156613181 0.09395339075588424 0.511234915424795 1.177370691748505 0.7109402785149516 -1.107631849158247 -0.09358537018821084 -0.9809373173170063 -0.001317651832760311 -0.907126945544857
 0.1147602320996406 0.1985995208477131 0.2095075763619987 -0.05684946800983692 -0.8483368822829749 -1.134015067782492 0.5117944283583775 -1.064030742552328 0.5762868735615789 -1.005141772713907
 0.4637480651729737 -0.1299510929409209 -0.5879339401582839 1.275476230371919 -0.3717819966686641 -0.6382402594881738 0.5111840187395296 0.2230646309113618 0.4466973934178045 -0.3817332548961541
 -1.002225062476498 0.4681695175177276 0.1700792034421242 -1.050805267567457 -0.2069959990897262 -0.5466565970509835 0.3629496424663266 0.8158845164715375 0.6616292521273133 -1.241633030347959
 -0.9210574426259958 -0.2013893541978339 0.7860827053517012 -0.1023846859910326 0.0254088822801476 0.1362077170018195 0.008339429034147817 0.895833814290187 -0.2080122173407377 0.2962351804002777
 -0.5093843599878278 -2.441996836167544 0.6832068363825535 0.6690664913823314 1.381550318176887 -0.9003272384546427 0.4762648229538213 -0.6402741629807343 0.9558441120180243 -0.3374338158925231
 -0.7113499093567747 0.2307425509822814 0.0565665255634226 -1.291145563862468 0.2609676249777609 1.169098105799057 0.03120125584798727 -0.1376960700164565 0.3239874930617135 0.651050333154916
 0.2513573841938489 -1.199209194782261 0.773767399521522 -0.2257294450484211 -0.774009916317109 -0.06396422513044794 0.1941654156312939 0.4359449503816676 1.242667280828059 -0.4946944155747031
 -0.4993731070287684 -0.675480011072712 0.1013870342629775 -0.1149762229958454 0.7887993740567862 0.3753650714527097 0.5037606747123715 0.168161016004953 0.1579081357343906 0.2618715572411256
 0.3529488319355734 -0.8715803878534035 1.460368876338456 1.012618692227166 0.1236749603607905 -1.168687060975443 -0.1359950611875417 -0.1959231419838714 -0.3124143394180368 0.4660501372942717
 -0.8393995184283153 -1.289602306013266 1.344032665958377 -0.6315260323569211 -0.1829662527926229 -0.6050146660165121 0.2975785084936835 -0.772968289375293 0.7665598068647607 0.2176867699843405
 -0.07147255928031676 -0.9027774607620349 -1.053755043319744 -0.2805939211495059 -0.6279230424554975 0.5238719635641241 -0.6158698125805534 1.093315380182392 0.4141898108806676 -0.9290469601341586
 0.1372620669323721 -1.191640337878499 0.6753413694365372 -0.3277132545834103 1.002967984167679 -0.6613610753243186 0.3155915424630799 0.9060990370879166 0.4241613075015908 -1.073366676476628
 0.1360745337167507 0.4260221177999635 -1.041721797051274 -0.2205235287039783 -0.3194060500154789 0.6009855170195181 -0.8225733737232763 -0.5201452451349479 -0.1653981997110699 -0.1217012005660646
 0.711194686653782 0.6699493463115894 -0.8306691419468227 -0.8995624744377135 -0.9937601958716731 0.4817083000655917 -0.1313363309533667 0.0289501898337163 -0.2850206742391452 -0.1682952457533602
 -0.05545278215805701 0.86218758090043 -1.175258040328986 0.04752468799395295 0.1582728599465275 -0.9589130319583753 0.4268876594174302 -0.2399553277694819 0.784043848837901 0.8353975489108492
 -0.7015895182497534 -0.5994603806228429 -0.1549651986783841 0.155796545028458 -0.8281304374216845 -1.033653716959013 0.03902179747031163 1.697268650322834 1.10359355771932 -1.10186770059567
 -0.3783277653562884 0.3941156823675223 -0.06621858573311055 0.7173872550718675 -0.1891077170776767 -0.01508361540801767 -0.4247976519508776 -0.3553945462611512 -0.9905968376104456 -0.6829370780127135
 -0.1366746682605655 -1.252837696630634 0.7494641524942086 0.4448905164807067 -0.4740520220233056 -0.7347715968475749 -1.032541702599031 0.3629561949453819 0.5442303840913203 -0.5640990586104552
 0.2762254874679719 0.2336601465824369 -0.2917859776822046 0.18874381276054 0.1777572808211411 1.714895192027762 -0.8561573370249678 -0.306397823040125 0.8650330882262282 -2.112951175305718
 -0.2177698034873775 0.2788619378264893 -0.2817865681361409 0.3830480337601366 0.6380682997070616 -1.661899359612636 0.2001370158762776 -1.532366232758117 -0.08641284070261698 -1.949934794672222
 0.5847321995211462 0.4078226644250662 -0.1795720658031632 -0.2139497959734504 -0.7542494125441939 -0.8329822951056077 0.04532688515188698 1.049712647799884 1.122384549061276 -0.7696779128401944
 -0.7728198408781844 -1.065361144811903 0.7118209392660715 0.8158519397975389 1.561302521546999 -1.068041393848979 -0.6531285752835896 -1.028840084071364 -1.487222571092097 1.382776501393483
 0.01776580588319103 1.986085699313571 -0.5845310608764096 -0.8299656711288177 0.1475665389413303 0.2484247959592278 0.04447305027352977 1.098587416815509 -0.1568361355304724 -1.027955069043818
 0.2993419793663085 -0.2056140590195442 1.086162776453026 0.6377110377595578 1.024670767122836 -0.8706948924516916 -0.383204941156975 -0.88217507208762 0.2682197569394573 -0.8935021916984629
 -0.7197122332008623 -0.447646416353296 0.2572916151396445 0.008059878112007169 1.038659307269717 1.197011383031834 0.2104084893337791 -0.4652160544750713 -0.7999417234963667 -0.9115602589773458
 0.2018341082605768 -0.7875286086590946 -0.4246499128836052 -0.8098293955497116 0.8664570126170985 0.2463706946237297 -0.1433704313713406 0.8946971009507354 -1.186182841409655 0.1088227261471073
 -0.3486133830395572 -0.9958419694616552 -0.503528749934445 0.7121114274450235 -0.3520536799641059 0.1638082436999654 0.5041988325771941 0.5124852860647465 0.1124432583457341 -0.8490010492964202
 -0.8834527720548784 0.7177516950061118 -0.5465335898691931 -0.6176880837650294 0.9546442946023286 0.007370390706815007 -0.2755610554013929 -0.5070434991169421 0.01389129703116433 0.2160409936289633
 0.5616893660864144 -1.044873121552274 0.7987544012070086 -1.34833286704089 -0.6750416981617642 1.58643966273588 -0.7280801820518071 -1.034302903441041 0.5793541752503106 1.449752283136457
 0.4789428488148975 -0.8115676703955734 1.063691393970248 0.7318066790047518 -0.9313395388823626 -0.6940029015995582 -0.188660648668604 -0.6754482587174219 -0.4860159445327015 -0.2833544161919858
 0.2056502965611676 0.9299955374706358 0.5430903896512979 -1.813715758976793 -1.058251007159494 -0.219279497022074 0.4830786615819419 0.3799431676243348 -0.8512138961273442 -1.32623231894028
 -0.128920983228849 -1.345631549975384 1.388280726259878 -0.123785714650774 -0.6432546998465679 -1.170327353888405 0.1922200248180941 -0.485269068842376 1.821720314813623 0.9512225926418245
 0.6416456470503413 1.168895997686961 0.3894711398492713 -0.6075413720132945 0.6846452911597459 -0.3180565758081806 -0.4679248348276981 -1.000565768731488 0.3696937856536153 0.4191452055176907
 -0.9074590896318142 -0.9038238141049146 -0.7240013058984777 0.2401725702106434 -0.02202669969439559 0.01240674704529017 0.8501575762685244 0.05238552154167767 0.2505375384767226 0.3154727491643471
 -0.9927673771882086 0.4052676759383344 0.6054704786948653 -0.4579757207177378 0.9564355938347713 1.56799573062169 -0.2191066756656439 -0.1253332019394488 -0.6873571420628957 -2.506093457179419
 0.4223399355093871 0.9485401962888481 -0.2196514877488392 -0.184647034678442 -0.2298884788287511 -0.6095090291198142 -0.7646908585974239 0.05550815197786597 -0.4870222321582706 -0.5732296568578155
 -0.4836044921560169 0.5496833859731518 0.4800297437541088 0.5489634503836498 -0.4014774688412533 0.65765903781223 0.2540509677796212 -0.1514608156978522 -0.2336707445895178 -0.8309726066199011
 -0.06318320595045916 -0.5415098662959169 -0.4808064329689205 -0.8223889034139867 -0.8595433346720958 -0.9685022296726787 -0.4251659981893507 0.5378705147045404 -0.07252087726961023 -0.5908226360727717
 0.5300091912505163 0.6149360176251525 -0.6556214731572357 0.5061664245150134 -0.414727882274223 0.4005556469296983 -0.6100803317136612 1.185232040675325 0.8520629502973935 -0.1126143478892837
 0.5365766632020087 1.419043842902074 -1.001813803142754 0.2801323233247291 -1.571493336766972 0.5364690997527209 0.151030491542065 -0.3585034034584853 -1.718600609819559 1.848771970517962
 0.7596819485848141 0.09656456305083343 -0.9343101071609119 0.69849863788733 -0.6808359551347331 -0.413914146684646 -0.7533078561712147 1.193517792264299 -0.1668155015738526 1.228908818903315
 0.5882630192875176 -1.217066635211956 0.1813015272588138 0.03571457472466365 -0.009813875602181528 0.238220350579143 0.194319065235452 -0.8020616093324496 0.6761916958810368 0.4170263824982929
 -0.130175510762248 -1.672114340513979 -0.8041243618848555 -0.2296242326254473 -1.293244074628236 0.9666653201841916 0.2572259959328734 1.612563878944798 1.002078255349788 1.642634541734131
 0.6004810463704457 1.063133568205587 0.8884514560144938 0.420594706538986 0.4031349510476821 -0.05440093540638546 0.1928460051998568 0.1737113591576227 -0.1255670004462676 -0.9204594880544784
 0.3061482083625505 -0.3101738377669869 0.658180553521717 -0.4531439163451282 1.119721133571358 -0.5320261112751598 -0.3003562749403654 -1.748125016498578 -0.02681860593960712 0.3955217821190471
 0.1172536490132606 1.821846925653261 0.3219690689159111 -1.72845496431929 0.5373247524204565 0.3907605137429728 -0.4683749746383557 -0.06317517607997623 -0.406582753054216 -1.741531025053364
 0.7344117707703806 -0.4697703104408546 0.5115006461163174 0.5506068790201994 -0.402617880019609 0.8170747413866942 0.3083269161838172 0.525456434229178 -0.9446838967275168 -0.2802025622316197
 0.09681667465038801 -0.3318975485563251 -0.1485043605773147 -1.162760511983334 -0.3433605096189449 0.09377724046526836 -0.1287141650665752 -0.4288587290893649 -0.3755215653869677 0.610521835116232
 0.7578864448464324 0.130272855605032 -0.424841766396241 -0.281804721760411 -0.8690691946729094 -1.039769484591589 -0.7904638742461427 0.5067965392227035 -0.4598848666696069 -0.2132417353942977
 -0.05888646757705749 0.1597861563212059 0.269611808933925 -0.6157933965656071 -0.3577530876876682 -0.4409765711216538 0.5576359351369042 0.9292336128254617 -0.814093330319293 1.089637694520213
 0.03780482297585183 0.3308354920470714 0.458890066097776 -0.2701904092569654 -0.6329437248493768 0.8237463998794365 -0.4689213448898156 -0.9080079936796693 -0.3027637304624501 0.7277482303472206
 0.8028979921324447 -0.1223908323587982 -1.453225695310538 0.820118419570938 0.6248131198124942 -0.6059919685309977 -0.1425452153250548 -0.7489801059301568 0.5666786239051024 0.09983435900137061
 0.01806765634363713 1.765151067931861 -0.5022824561118063 -0.423575514127667 0.6177745470730236 -0.1551028098098571 -0.1762637683757093 0.3646556076303047 -0.2502890947737572 1.422319556523655
 0.4269268853837586 0.7966289370872246 0.7475040816326535 0.005159676105816314 -0.6838496438253026 0.1292268157367905 -0.3886043887227979 -0.8311344469245442 -1.247913505849587 0.553364543951741
 0.475025620171718 -0.7549231279213433 0.9745472661975664 0.2441986432411226 -0.4971795408439336 -0.2379454707636949 0.6298520783729381 -0.8371485965192879 0.07216539151214096 0.7699999328246047
 0.1061643264815982 -0.3279383550863698 -0.7481800163654526 0.08825101884872873 -1.145969326516857 -0.1685053483595479 -0.2870483934972602 0.4682912843755411 0.8879604552675936 -0.5481463262991514
 0.738601200406491 0.4718366630928923 0.3264787131049636 -0.5228153770193141 0.730139709947029 1.011422435141227 -1.182282499993464 -0.7729143599529287 -0.8382087008130087 0.343743793767096
 -0.7939624334791135 -0.25859104519882 -0.7810073577836777 0.2978927239943481 0.5245639382118228 -0.1498031632767292 -0.07667451179304859 0.5286918990305137 -0.1368845214621241 -0.8904007760879977
 0.2913460964265589 1.056840540262405 0.9831099434673271 1.422062490926264 -0.6360475827279318 1.140853446106626 -0.644310237094156 0.8713853732625119 -1.103248651048658 -1.482895050859033
 -0.6006281336974766 -0.7480344111473851 -0.1599577698688835 -0.2432212072785299 -0.6700828808025728 0.7760158181531315 -0.2483915116904331 -0.1640002834369966 0.1469223271848174 -1.200755326746377
 0.1534451486635214 2.351732544185405 -1.484412009708268 -0.4769280817082662 1.389150284246353 -1.14319565905063 -0.2666850626593114 1.570477999148306 -2.1816748206701 0.2022893508649411
 -0.4542128559418635 -0.993258147866475 -0.1707909971704545 0.001372175200246056 -1.007277471620553 0.2856318817114048 -0.3136334517014096 -0.3976685281929848 0.05216830078324775 0.5534154685350771
 -0.9950324225888826 1.021903053747014 0.1192877370498463 -0.2943453075202073 -0.165246436549814 0.224195241160259 -0.1230298863195435 0.2670547394696305 -0.8438514529233505 0.6009995751215423
 0.8006222121915416 0.2366993257018562 -0.1733792239102966 -0.7976610480872233 0.9604555749995596 -0.1538507022198326 0.1617463272964365 -0.9289372246131119 0.2606508020594464 -0.297130170538869
 -0.8134261019158753 -0.4535499236583923 -0.7008678835760267 0.1431621279998427 0.1019146372238178 -0.05924645205698231 -0.8727182981710444 0.292378796089852 -0.8655962139851646 0.07404222490579097
 -0.6954195680939663 -0.3721844193265547 -1.105790733753016 -0.447443131810721 0.6259589053353926 -0.679134803890506 0.2710502084097453 0.490480578044991 -0.04003841503545628 0.06543281215529109
 -0.1570220188862363 0.5293923221924109 0.03171386487720852 -0.3081774974604458 0.9336942110315517 -1.420325490758807 0.3001454542461641 -0.7677497138796706 -0.2075094134524076 -0.6178037376976271
 -0.4262851560950824 -0.54191741857229 0.1163521032844783 0.767493071702949 0.5782255207204078 -0.7683443907725491 -0.125040006518386 -0.6986090727438894 1.861419044888484 -0.1701432758813084
 -0.1399870160432687 0.5031203714503443 0.6546156520765359 0.3517209310716484 -0.4866863538855367 -0.07383909997254018 -0.09926193109785945 0.5151156672737429 -0.7721490602907877 0.01628722135149753
 -0.01644816271575884 0.0006317214672858592 -0.7314810503480866 0.09335944765938112 -0.05933992726569041 0.6033989194000823 0.1916231863101854 0.7915222158286116 -0.3607481886166192 -0.6900646549822081
 0.3387907139816382 0.224959112725665 0.9210262232581511 -0.4791234475211175 0.9765991103196868 0.1752433851009527 0.06833507228056805 -0.8520596439757547 -0.7555030804914153 -0.2590579169187193
 0.2409022750082844 -1.892830301474811 -0.3370188266058866 0.6066591670837278 -0.9917194494941891 -1.028644959094105 0.273916988384872 -0.2280972051014206 1.064168395882763 0.182138407057544
 -0.189260653981533 -0.8748437464058654 0.3026877650047912 0.7035518566140182 0.5199574415843961 0.01976662553916946 -0.1910557075491597 -0.2225921811097724 -0.09607347445318565 0.7838529337321225
 0.9845398463046816 -0.4020210762017905 0.486234539809805 -0.102250452883046 -0.7361509893390422 0.03541596767253384 -0.3063914066183959 0.6289578567035617 -0.9466618016296152 -0.2229244626963327
 0.8002062356399061 -0.7978238361382253 -0.2370839813861347 0.08829602417263487 0.6742640760800537 0.6378050013769769 0.4430590824312461 -0.7481324595950105 -0.7979171801647825 0.8992796281279433
 0.1539484704392362 -1.429488601101927 -0.9111863613169748 0.9741870841123114 0.499633637746128 -1.42460653954405 -0.1349222310734982 -0.5222092150200883 1.273137769255979 -0.2925629355830782
 0.5996579485021128 -0.3494071539678313 0.6526118357872237 0.8874321282329252 0.5364442351783901 -0.4602451552899947 0.4794343536732522 -0.7118300499108872 -0.5626694740826361 -0.8567871451542922
 -0.1234693862740389 -0.5839508296242057 -0.6785515413614799 -0.4921185264979328 -0.1811850200464526 -0.7315220112675528 0.5204732043648979 0.7491845866190836 -0.9508641113538685 0.3926100982399371
 -0.2177718987372121 -0.4589063217479608 0.3344941828320618 -0.07168036345563292 -0.37505416647213 0.4024529840250807 0.1525372572899862 0.1523458948384565 -0.7371551095881927 -1.1562460626785
 0.5520357799885797 0.9516719234875972 -0.4073108689195979 0.6948706864617439 0.7518215088134624 0.6171804894830025 -0.7307520042778264 0.2078693854613797 0.9326587100498285 -1.518819268936555
 -0.3717938134586838 -0.7702097338673898 0.3080061666266762 -0.2659806915324617 1.109189226423337 -0.6964939524329787 0.1542516591690577 -1.537605689520343 0.7322676431780717 -0.8459277150925784
 0.09221977045272027 -0.4841102868242225 0.3008699519083867 -1.963782515737807 1.220372841791334 1.10233729055879 0.3667426904219056 -0.509981944058929 -0.1806722266277582 -2.018254935681316
 -0.5646649352930214 -0.1769151059050878 -0.3221956765161718 -0.9645554238237749 -0.9734158234383858 -0.2590790526813321 0.5383121846322927 -0.1141442191062702 0.6300580829164538 -1.069832143462363
 0.8933503717609279 -0.9780262102602245 0.301845435509366 -0.5957525367497289 0.1714056550407907 1.477278959844476 -0.0977344942666038 -0.3058804706249167 0.01980794314227627 -0.6884307261355193
 -0.3477105585425187 0.02546821826850248 0.6597397805282247 0.8566914483048111 -0.6251187525954152 -0.5200150094029097 -0.1082519657597994 -0.9454579250312071 0.4217348262086347 0.1474033553655142
 0.3740429137379461 -0.7452346612029003 0.3667105891808008 0.04970262027758843 0.734280521227752 -0.4006369050673224 0.4599966686642725 -0.5442219973516152 -0.6866432439342528 0.551063401844583
 -0.6239686040827975 0.6499622772045626 0.03823877535969031 0.7219614655243649 -0.1861624524647414 0.8656618260208017 0.05378988696130994 -0.1103308657295014 0.4300044691792604 -0.7090048467670597
 -0.4030372273338185 0.2888948852008286 0.05207726471037722 -0.2291020312407779 -0.1621224801702835 0.6975824210593542 -0.1406630205595691 -0.4308329732197544 -0.1110721843831227 0.6594056238743581
 -0.8352137609963984 -0.3923048992284612 -0.2392646444432912 -0.86058909781103 -0.5043391387258689 1.018901962298655 0.9716377718287842 1.108780516295409 0.5197522311817252 -1.541541652728004
 -0.5730322809950865 -0.1188790167841502 -0.5445647895033828 1.2290783146063 -0.8449769737208577 0.4601263182641269 1.146836199184303 0.2304171441446979 -1.137479834315618 0.772475203265018
 0.2055880464395007 -0.3319765390678916 0.1415532051817009 0.7951802905237395 -0.4998337225131702 0.9987413544351974 -0.1440279733224377 -0.2389418373750374 -0.1970407354614418 -0.4501626100893006
 0.1906462936916637 -0.2515316819557197 -0.3403103437960536 -0.1864349190831865 -0.01905820029103229 1.098619680101394 -0.4001917340989367 0.7110228131456848 1.302890076776978 -0.01638848130196714
 0.5114319307864684 -0.5341097876252789 -1.061970077166983 -0.08178278443111964 -0.7865210082042932 1.16030457774313 0.6744842093849271 1.77874575641213 0.1908866602525338 -1.668982833913897
 0.4212160867840875 -0.8768808451269829 0.9884020687742334 0.3177311928630431 -0.3259133167948423 -0.8617843740707763 0.05205016047959254 -0.3572566551877212 0.8961960594157056 0.9405788038625543
 -0.2390543022963038 -0.5975507591261219 -0.07796873100595764 -0.03687354252766915 -0.3086687698546658 -0.662692856466581 0.09438533879012974 0.4958335093784205 -0.3461070099205363 -0.8762942829252416
 -0.6156510850729144 -0.5640218479934529 0.5396164625009474 0.3859775573606702 -0.3144798971263875 -0.4410371192795103 0.5757269145427335 -0.2732216918738357 1.025580716195425 -0.6013332547699626
 0.8671173908577874 -0.3185226315102364 -0.3725958344252566 -0.8654576439054312 -0.9366375777704664 0.5841300914728873 -0.6329612324909165 0.2649287708785875 0.6823341322218348 -0.8122839023051226
 -0.4937602515961505 -1.100032538073097 0.7391883046553266 -1.962321449986725 1.500919290927817 0.0281536050368402 0.8500226066908474 2.19928790106419 -2.169024852106218 -0.02814148843957092
 -0.4212238306118793 -0.7102903734545082 0.3779026284299096 -0.5021157231394683 -0.7731760292335169 0.01911728258167355 -0.7365214279392585 0.1628897386644612 -0.0518973417236119 0.7093996386097574
 0.6268431326627238 0.1689890188906099 -0.3641325482213195 -1.017132750601465 0.2294461265891368 -0.4679838966658912 0.5479583616738157 -0.2336238596966457 0.3182862043449348 1.452541133463685
 0.398903375634459 -1.129771386918128 1.554895487202931 0.8906151558094932 -0.8533081350562414 0.7033678284540882 -0.1421717870131124 -0.8143779149812668 -0.5670208269115186 1.333616328589183
 0.5547051431980116 -0.5776857957891265 -0.8210818428121736 1.139433972105115 0.001278579679928894 -0.5213538767493784 0.5426807584603085 -0.1286163862348753 -0.6614541741182657 0.555905094164538
 0.5486597134499643 -0.3679096176602055 0.264889668441684 -0.7540461800409984 -1.437517392224278 0.3851522526014019 -0.3366255687500332 -0.8916537151698419 -0.3918395867784739 0.9411467243854086
 -0.3577349762538874 1.003530320152247 -0.4757780686461872 -1.088908702980846 1.299643741792856 -0.8331128447608659 -0.2516254109111622 -0.5697256575774698 -1.254579126155233 -1.242496027945033
 -0.0575278377019352 0.5769687482260277 0.4220272427866698 0.378883573140032 -0.1251255616041739 -0.07852525260684518 0.4396131693872587 0.4054799474517036 0.4269789679483588 -0.7847264437616018
 -0.4027983100116434 -1.05152481491065 -0.4867050334288625 -0.1319931761911112 -0.6749821535112834 -0.4441249720760059 -0.1217028509064569 -0.5750504416301805 -0.4108007765865942 0.476768962722418
 -0.01660294174409077 -0.08228219873312177 -0.5596599633144022 -0.7616253825965743 0.513394257276952 -0.4522743002115143 -0.3402958950167915 0.8812896808040804 0.4442395015308958 0.5784418944376536
 0.8392276995943897 -0.4637785943316712 -0.5052315465717681 -0.184548093035238 0.2428739344354533 0.682671507347594 -0.432891451831129 0.7720291186281553 0.463957976838309 -0.4675519719193455
 -1.002548253289682 -0.2097913290310102 -0.9037584517014033 -0.1018277008531955 -0.7472729358258211 0.6493371666036156 -0.1283979168541807 0.3794001755881213 -0.4144981939826917 -0.1015621224047616
 -0.3191781795042146 -0.3003523233393278 0.1810161822512402 0.8791522624256994 0.5327242416673669 0.06924065854511832 -0.1524285639209881 -0.4690787862992528 -0.8799316810897714 -0.4179904461951731
 0.03717490879379888 -0.1583798854412991 -0.3322021833597837 0.03266012792950489 -0.5721064784682001 -0.870488585178008 -0.6403688604880964 0.263677695511331 1.135206905077875 -0.05388789162628528
 -0.6397860093271724 -0.5362665816799497 0.7409436125308211 0.05292429798735442 -0.2305920472932851 0.228641306019534 -0.7204484542822142 -0.2460315805835703 -0.3857226699751794 1.144214526597075
 0.3857706575563967 0.6749136971398418 -1.431108536506493 1.450318797666563 1.545036882281932 -0.9827813971925979 -0.1562830188052888 -0.4153370861822798 0.7593710718723311 0.4254341519167921
 -0.7922131543550071 -0.6639965140668025 0.9009114518199178 -0.7821280207194001 -1.114562394015616 -0.175300103178207 -0.1845619262151567 1.555627894991356 1.335230975981256 -0.6454438746602701
 -0.7421696494564434 -1.696418017846729 -0.09947893558696 -0.5160517736640546 -0.1519255522181914 0.5246627657807342 0.4373629697323145 0.701021357098643 -0.8209302478023152 0.4885748269988479
 -0.3167480335736977 0.1346099968091352 0.07844155112612908 -0.8251739758440282 -0.1878166734521132 0.498149166878571 0.238800517682823 0.02137693932283547 0.5069435094783263 -0.7237615459258359
 -0.9488191294245156 -0.157915008293972 0.815915675054851 -0.06398559173644552 0.6194369585695017 0.1825435215527713 0.05337599029406913 0.2903019649673609 -0.01628907965407396 1.161762530883091
 0.5886591488819354 1.035041604022121 -1.339524725070032 0.628599207378531 -0.9882974490977785 -1.391229498265953 -0.9038594949999169 0.6535549142605531 -1.327338721301842 1.730686456438633
 0.09649606449531259 -0.9032891065934427 0.5442392544576158 0.9276301914145813 0.1413782543369867 -0.01018304577650453 0.5058636059276084 -0.4718188075562398 -1.0134838299294 -0.1700616449477372
 -0.9368191967874031 -1.510219613260007 0.06939075345930841 -0.8228945263962697 -0.4495456551537635 1.055102019724091 -0.06449447230973462 0.2621237437579277 -1.209453875696994 -0.4672632468067661
 0.7870659172434542 1.360667980591145 -0.5331519870025432 -0.7212009113270036 1.223558501013016 0.2690561471490053 0.2748126625925505 0.564626210084945 -0.6532378079679885 0.9827705385902713
 -0.8794569100946649 0.5866120635087242 -0.688821186130977 0.8903265351821456 -1.14865732012256 2.175442555379536 -0.51126225510364 -1.527293229746047 0.5346201070109148 0.2860945798617137
 -0.431969953868969 -0.1660166271304325 0.8348425677713613 0.8098319243098323 -0.6873069863687782 -1.092514360753428 0.7087400321187001 -0.08647273936545154 -1.153229544237618 0.8157377565262653
 -0.7492084406635833 -0.1521553362858708 -0.5308069329454618 0.0341958919495796 -0.3447837695090987 -1.100506555406009 0.1816251171137046 0.0781741363255281 -0.5287463143879964 1.431942918715731
 -0.2727749986179682 -1.152224743606397 -0.8329159877415829 -0.3390828802305847 0.7040821303919196 0.4976972671868307 0.2483583306781657 1.900077594638355 -0.6466368784170499 0.9806741042680316
 -0.4297806275124905 1.452510521908973 0.5417874678610862 -0.1821579581917318 -0.6855397348575804 0.03677903572330662 -0.2206665329137432 0.6253881827286321 0.06925077801781652 -1.065142763218233
 0.6481950067315929 -0.8529576424914318 -0.4138346254991457 -0.5032960171887529 1.260197713248426 -1.02636671737518 -0.4158139104084723 1.621968658452688 -0.4527968885840862 -0.9333894294837546
 -0.3188209016426907 0.2206615958159168 0.01702093498422184 0.9412581749168738 0.4195377117652588 -0.2462866087516828 -0.7903828867949019 -0.9398921382701086 -0.5626897676368604 1.001207165365676
 -0.7642963467928267 0.7467080196503417 0.2580846737107159 0.230488528580286 -0.03652215834370449 -0.9836222351347562 -0.1889480046293359 0.05822171331256468 -0.9085203118127003 0.332009509203857
 0.8645942832757429 0.6738382069653416 0.1383627022035078 0.2432306281039769 -1.022154161036439 0.9907358275172926 0.2473058957084175 -1.555907365000203 0.03762470205877247 0.1483574356740839
 -0.6333153094974161 1.677454480582192 -0.2690610883096295 -0.4688737861142215 0.2344961599692033 0.9520421741330236 -0.06007404022793095 -0.4736025739522815 -0.2335474185474748 -0.7964200644880923
 0.5501942683919431 0.1342350432094163 -0.7746798048334725 1.028373769088142 1.159130529103734 -0.2523315110319211 -0.1031008213516874 1.05621456939621 0.3654761450814321 0.5587333461980206
 0.486877456713335 -0.4651851793174844 -0.2707713591750342 0.6107676875629356 0.1390959358572905 0.5404830761432213 -0.01669118582869002 0.7109346131877138 -0.248948594607159 0.886090190349223
 0.5276814633124026 -0.06696075819576598 -1.001618486766083 -0.01549173279107412 -0.3618904034167477 0.0315464106880852 -0.4768038387772641 -0.7543337405981578 0.5276130130188438 -1.204470482450194
 -0.2798897296581157 -0.5492665076203469 0.736812358837479 -0.6167782869337461 -0.4094925036416661 0.1987376097707845 -0.1928843194976167 -0.8654030903549841 1.489601182446015 -0.0680718473805568
 -0.6147236565167269 0.05150614679307743 -0.6451447339289085 0.4015569333493925 0.6352252868177465 -1.666665292924457 0.1127459138075915 -0.1747845949671731 -1.095242956219821 -1.328436882719758
 -0.6411478184655345 -0.4183586277240821 -0.7551272958410302 0.1104690036330842 1.020990202997551 -0.5690863058696407 0.07914267742046703 0.3486223569812485 -0.1249004906766877 -0.05334996486468278
 0.5683958424202816 -0.8554125199435563 -0.1326853162359094 0.3024778601685333 -0.600535830476759 -0.4896356880020755 0.02962899610848857 0.3436359198483751 -0.3824064179031401 -0.5033496068768731
 -0.6696600500565574 0.5324133075523093 0.602764080988928 -0.1635492714071042 -0.02274922225825799 0.2617695271574562 -0.2879238424900781 -1.317182193822386 -0.1804634872796571 0.6393950294603413
 -0.4392940181182836 0.502516700978425 -0.1666964889317331 -0.3993635744908872 -1.621488539065729 -0.700971809105661 0.1301936113556441 -0.1670091478540745 0.2062563956797415 -1.207973477935068
 -0.3511883471479588 -1.249193529273324 0.6378349808762691 1.329134644405615 0.2454297079329563 -0.7963902784467743 0.9182358416901134 0.8071770797710451 -1.602111473110807 0.6942609916624991
 0.668499969200524 -1.085939498010221 0.3466415762991833 0.360217977364116 0.6689668600151508 0.6127449861404379 0.2770830694001162 -1.894145344980974 -0.3042485970337644 -0.2355900626284079
 -0.03249388721878047 -1.294225378036466 -1.298182334563039 0.7823759471206516 1.139652016536741 -1.115753432538183 0.08718528758563406 0.7104492520074508 0.3501077376825648 0.1932593650822954
 0.3033887263719342 -0.9365749559666035 1.375111309060921 -0.3768463175044823 0.05215260678279081 1.749914681312618 -0.0331374983839571 0.9371321453944751 -0.8482674570688686 -1.448567424451754
 -0.3062419418772137 0.8402241461419299 -0.4412997808927864 -0.2916613894854532 -0.5820631233085255 0.09003933630128592 -0.07322500467932036 -0.4533891546858712 -0.2608224203291884 0.09288189990631
 -0.06091164905240245 0.2778777603911659 1.067619611218168 -0.05449329038159477 -0.4737397033432972 0.7974131338526601 -0.4837572631480919 -0.7215714425286559 0.4135335512783222 1.02170514853524
 -0.4955616878372014 -0.768365015581904 -0.7691014326516065 -0.01796795272954024 -0.6163735797441788 1.252107217624726 -0.6927756273536821 1.840863297304743 -0.4020625547762818 0.8435750560391216
 -0.461465729620277 -0.1481710312713502 -0.1046101570756646 0.02548280003330041 -0.5419921036691107 0.5618261677582069 -0.07254730415788208 -0.4461939753432358 0.9752372144370084 0.7136902499454721
 -0.925682194046876 0.9314225052924892 -0.1669134369388911 -0.64002142082512 0.3546468685555801 0.6149235971748286 0.5977797273311191 -0.4687348961879764 -0.1976933148998656 0.4248182927367007
 -0.3776219432540225 0.5372285180850969 -0.1594238897094984 -0.120447653223612 -1.043701188932973 0.5250939928284574 -0.2835185127465392 0.2855016271700931 -0.6155760534023367 0.4479318211431618
 -0.3153866360437891 0.5109973273610792 0.07101652804525707 -0.7921880884560969 0.4514082687730253 0.3547524574260323 -0.8708677702858242 -0.6901345519238022 0.6946456072673967 -0.8905126646709436
 0.3713199653111634 0.5584852259636385 -0.8206081393337884 -0.8968090151904169 -1.000631950774747 0.6550371931197745 0.4245910840710631 0.787271372342638 -0.982216919041029 0.4491305609171006
 -0.8981614342637263 -0.7672580555721689 -0.5480747022345256 0.3494992725755914 0.1506709466620167 -0.01385727152314638 0.8432972666067299 1.043004100939378 0.780678626919629 0.4628089425596504
 -0.2338544268585597 0.5114377989254446 0.4172583983742723 -0.3119457294982996 0.08558386913582673 0.2939475206896232 -0.2801814195773353 -1.079973322426143 -0.04932199826310153 -0.8963035666901487
 -1.092691798218344 0.261042620640291 -0.8962735676629576 -0.1914104198250187 -0.2504591994594718 -0.06580240488079958 -0.602763560524509 0.01993849747410551 -0.09705604001244102 -0.8816457594376679
 0.387572853647051 -1.987652979156976 0.9265410840350032 0.3398847262193871 0.5260949045092221 -0.4506894379836587 -0.3301027611060283 -0.1277411563608818 -0.1894013829316042 -0.4627974803011494
 -0.05496070213571261 -0.3828699127569322 0.5987524615293138 -0.2190469169468139 1.117586115720767 -1.15008142588775 -0.5002063283503108 -0.2863159544408693 0.1822900324951615 -0.2677732632419137
 -0.4921119611484785 0.7484877235357554 -0.3509894507029408 -1.027027694040924 -1.036473803248056 0.8577344089332933 0.4732789612026916 -0.5496424210745725 0.4454825641078283 1.487045613783059
 0.1755305091834732 0.9005955459989506 -0.7391631463824601 0.6701971115303388 -0.9597266809471078 -0.4535443258849264 -0.01841801273523428 0.02725949986817581 -0.2255501930296228 0.9444566034056809
 -0.06465559689744996 -1.357560095304919 0.5842272460191761 -0.4777940006536263 0.08224919956899823 1.097515647627086 -0.3597406790202529 0.4145417613706025 0.05978537199951486 -0.3744774873160349
 0.7090384831712474 -0.9029642650369171 -1.321682345418846 -0.05541949546986268 0.585289802655421 -0.1664480070376995 0.9832366583773674 -0.4403865621011786 -0.04557222338466572 0.7666123390405468
 -0.02871616161231891 0.94495280134848 -0.09980707591136186 0.7394533564768657 0.7494814383321898 -0.4084861620697385 -0.4957238541214739 0.2397873661072991 -0.4437115725409565 -0.1852844844910501
 0.2733054432168464 -0.2799363614177799 0.8423259166587882 -0.5249124559939666 -0.2932618008853495 -1.10055498301319 0.4485702404224423 -1.432867820972004 -0.332051939174465 -0.8393526129840465
 -0.6376805702603492 -0.2181162408106052 -0.9791877806899326 0.9552758779639368 -0.006583471993541781 -0.1540432388035157 -0.3279971774623956 -0.3415218981436394 -1.136323450139091 -0.6769849955543561
 0.07423393312289729 -0.2786976085212793 0.5189758553442733 -0.2587300974722506 -0.01653906716509314 -1.069616782432112 -0.9081575709930286 0.05516446948010259 -0.3083659655029957 0.8213504127766452
 -0.213154136398793 0.3496461245628844 0.2364943059541132 0.7913152664166989 -0.8007718224905961 -0.3509290708662892 -0.02068765959470887 0.4849535702653285 0.6269831670194321 -1.11612160846568
 0.3872193818723959 1.930988378731166 -0.7902730380504882 -0.8478071840225082 -0.3776899915003696 -0.982419799806967 0.2204710543673969 1.209768519827167 -0.5759624633996425 1.134876516655877
 -0.2369413049112084 0.9215409257812687 -0.8859167524267945 -0.08991244982601143 -0.817084199028357 -0.578899465153896 -0.4290505277659353 -0.09613390661318059 -0.9139819279073995 0.441466640413233
 0.6640155673267447 -0.2522740407479944 0.351808177072346 0.8508003234937859 0.08780808734443082 0.3376950167957006 -0.09919460314930843 -0.3842065235400823 -1.663575757274195 0.08817835149025817
 0.1702323605365944 -0.02936457547979546 -0.3498507596615649 -0.609359484086115 0.3486098613977302 -0.2055974946916567 0.02589400785483005 0.02587193234380471 -0.4570065951457093 -0.5259223470556394
 0.8311536399380226 1.475031088165322 -0.3102465049250409 0.1954274865342474 -1.235765047891133 -1.020220965516818 -0.06304227377627407 -1.223698559535808 -1.064758254314911 -0.7440121669449143
 0.3436481795310292 0.01475326106833872 -0.1424958996899637 0.7441732103983951 -0.3363365315290014 1.543555311533026 -0.0261208804236057 -0.3094256938458295 -0.1416622450860752 0.01087312827922605
 -0.2372294535781742 -1.438217641681947 -1.368061363988508 1.107119260487174 1.383086854068974 0.5752317438561079 -0.3956371123425113 0.508434451368194 1.105481025360041 -0.6702861750143543
 0.3366447684623128 -0.9605140227483001 0.3580993496892583 0.5373024994487092 1.035257501509122 0.4058527878026759 -0.1457534440794222 0.3957623394710041 0.9786217052678027 -0.7052838783506337
 0.4642994350872708 -0.4064826251164153 0.5148608469454261 0.7339093635238579 0.7844909446286596 -0.2273099869425779 0.3749285351036574 0.5220264569244765 0.1635928281315072 -0.241896711212475
 -0.3945230943694094 0.9771385078964584 -0.7550772082689089 0.02799757468818603 -0.2059046049596166 0.7932554421971598 -0.1913229227743502 -0.4904109597062929 0.1600297588157967 0.4999004286597308
 -0.476670791068604 -0.3310441155517294 -0.003147251659378958 -0.4424955256025601 0.4219032010740239 -0.1043184466850127 0.4964499450066763 -0.9258723115683664 0.1645416323288017 -1.458062865332776
 -0.4896343665129472 -1.198297975787015 0.1276226161112297 -0.3647778156854573 -1.047402691027986 0.5772878806810846 0.0007249678113428491 0.6169696837008178 -2.10053949555508 0.0485618750219831
 -0.6748383689829897 0.9080143074722986 0.6312823368194995 0.9431718474562627 -0.3159456501143629 -1.363700952726403 0.3842693943061229 0.1213564573656731 0.9206859249954554 -0.7962912478697176
 0.2584088005476358 0.4898790859538304 1.001036468859107 -0.349611269546221 0.07689126822186594 0.2899585975790345 -0.3206730010791965 -0.3146222301138824 -0.09779624488670416 -0.2842141529979322
 0.1531069574621037 -0.6860227561054651 -0.8396663254645614 0.7304582709714276 -0.3276017254947657 -1.107222964673229 -0.04237091621976721 0.3286103377190472 1.598424829954533 0.8453985237144968
 -0.2299344884365296 0.1822344670486021 0.2702680626534516 -0.5102011656097263 -0.4047070412757878 0.2433488873549219 0.6149287569802084 0.01175625670119116 -0.3648536864604099 -0.2538437198222885
 0.8512340556139057 -0.5368541004191326 -0.8814148159146483 -0.9351669297455618 0.445634554427173 0.1159469488496092 0.4318811469127102 -0.01539780104111103 0.5773289519648913 -0.0141993684380737
 0.2315376308548193 1.699185876962799 0.8566623667321601 0.6996667945411642 -1.275400441992971 -0.3510964963222826 0.2722933453920839 -0.2034414778942538 -1.958841407597264 0.4591300493241772
 0.6573535269943211 -1.132129550871612 1.40692963835204 -0.4675250982699238 1.154747450380653 1.092253926047545 -0.7931702345984865 -1.601838033902034 -0.3203717767226746 0.8334419248890834
 -0.5085657452006138 0.1090144519117973 -0.3039589155731537 1.118741864676306 -0.6104417829201765 -1.07527753386259 0.1842021090396837 -0.4321913271563378 -1.207279679517321 -0.7417455794507641
 -0.7705282451087349 0.9165587243422121 -0.04408091181451661 -0.5509623398902977 -0.4606401198530112 -0.08712003801055859 -0.732606403135845 0.525341640032596 0.4723728581567679 -1.030814241142365
 0.01384144579136994 -0.9506189915031372 0.3991220132523962 1.542012835715296 -1.149040827625931 -1.10624981453112 -0.1889949606559585 1.42766107727435 -1.204435087419259 0.7663218347985405
 0.2498133718455367 -0.9956242778610761 -0.3024492537702518 0.305965566760464 -1.019605898582863 -0.3033696408204301 -1.052502420919618 0.7250783872758965 -0.50892490181368 -0.1846163694557749
 0.1748502248708982 0.7028097618927346 -0.09449854854584074 -1.886754959863232 0.4465109399051123 -0.7090920565409947 -0.7200757798898171 0.6870717150192807 -0.486773679256711 -0.5641044902125295
 0.4872197310410968 -0.2078956955622932 -0.1928165636782071 0.4169715881987475 0.1787705579897062 -1.173863587117716 0.06678596758918176 -0.3333001850845303 0.108170101293759 -0.153604306126922
 0.8114425184412202 -0.3865800112123615 0.9032369267729143 -0.07188417143276193 0.4305350827478409 -0.5592835075426931 0.2780190055681561 0.04223523133402418 0.561309537008554 -0.2161234847558643
 0.9448178643694332 -0.1970346377659008 -0.3865031391702559 0.8609554810818248 -0.1591365706572797 0.5672480724193925 0.6774287811080753 -0.08897238475451578 0.3818747175479267 0.8314243016027041
 -0.2487065932217725 -0.8596919510729801 -0.4358541316734208 -0.4163595046824957 -0.3649992918281914 -0.3370683241337401 0.3865762838566346 -1.024978335020588 -0.7157523401575487 1.138872204461284
 0.1498428395202468 0.7030916165263743 0.1872815260573887 -0.809697205807272 -0.250522794415565 0.4870763715772576 -0.5596221170296682 -0.8534839384526229 -0.4614290814715623 0.2554399512580279
 0.1201346430349811 1.081367928134262 -0.2870813337748068 -0.1695833196191713 0.4528560117809974 -0.7359578813976981 0.1352369186611527 0.5142858687674539 -0.4663066233213043 -0.2657554656888031
 -0.01453681809908829 0.3192695553145297 -0.7387119076022109 0.4447213181509047 -0.5621381409568795 0.7248704729042882 -1.063807225478531 0.008255764013448526 0.3866107011406311 0.06445081559110021
 0.003604902939635302 -0.7444749474459893 -0.1644157123364539 -0.8273312402865953 0.8214666330231463 0.3389156054208839 0.05452998152675879 -0.2593654738073702 0.5787708010966027 -1.188031415015801
 -0.06263910981450832 0.9173030549486827 0.6469573219822038 -0.07954068932597429 -0.01464879709605315 0.8879491192223 -0.1035609224070243 0.251353282420635 -0.04551823626000593 -0.4292403009750391
 -1.055394201972739 -0.413610751236643 0.5759817157640416 0.04860801632423505 0.8873930259209849 0.6499836793672742 -0.004135339921133467 -1.331082680107687 0.6705704031286048 -0.3565729615058738
 -0.8288926511366562 -1.230580965965563 0.9034142506041472 -0.331697075503281 -1.674317699781533 -1.126702117623058 0.718028402618556 1.070087616769132 0.1850664949667328 1.531202934324736
 0.00893291826391303 -0.598434616821738 0.7905819080830696 -1.008314250730319 -0.6612911438433358 0.7316117987927327 -0.6324171539395981 -0.6362896494649061 -0.4226538165878453 1.113962707569292
 -0.0393191777901063 -0.00991886182061183 -1.031131564248072 0.01244458784247033 0.2437447363972595 -0.6224973259233129 -0.3169798175271719 -1.11772095722435 -0.6557843420401452 0.4829003812083155
 0.3434991271565562 -0.1555139105748126 0.1080888469786992 -0.4441149643887654 -0.7057294183169055 -0.5104987875712159 -0.3332369798181009 -0.6638027976670953 1.002820291831473 -0.8486277625391798
 -0.7397312816036722 1.521508214367165 1.098654852091157 0.2975931094623814 -0.9056752616773966 -0.9772869679212415 -0.6319015101317749 -1.643926516291155 -0.1328479047484236 -1.488800447540698
 0.3011125146770147 0.7756611245945949 -0.9778705209270843 -0.6396028069924434 -0.8066759049674412 0.1722659048197958 0.1446735043567692 -0.597110234611927 -0.2066367385904833 0.05743814208281809
 0.02273967073647726 0.3678609906885102 -0.6635538290120075 0.7738355168316026 -0.3264200568440183 -0.4058336823712607 -0.1223270769675389 0.3005615697432344 0.7216071538006199 -0.1057584732360161
 0.5670443464954098 0.9824555949752171 -0.7497394417162195 -0.8093880353071242 0.4994348114670467 0.532296275588343 0.2889474910457183 -0.3804226937609545 0.06204696246907038 0.3805725127445407
 0.7875289554668492 1.008878954004417 0.6698497648686071 -0.2801763712455169 -1.088215057493584 1.722535930463228 -0.6395906107847608 -1.104686914490498 1.879596303767825 -1.233413880399793
 -0.6480427161892107 1.045521281881825 0.7828553539358813 -1.081457518216868 0.9024877477099994 -1.713473191067292 -0.3909909318939224 -0.9726678575708152 -2.014847123845093 0.726255588858093
 0.3455973261641191 2.009183378743439 -0.0009772108128302608 -0.05002514498477955 -0.926996711327026 -0.7451436334418141 0.186438129845764 0.8322564678822901 -0.6876475535099533 -1.72866309297041
 -0.4462227173387621 -0.3064069631490429 1.015835637666471 0.3594969778740417 -0.8277951254411089 0.5943765629434956 -0.542619876256485 0.2789304793173393 -0.08654343494342495 -0.6364455621230395
 0.1954294184150779 -1.212677826501099 0.521122032822984 -1.144824758996705 0.05573627297570771 0.800182523121499 -0.521388506709202 0.3937810088982441 -0.2427869487691513 -0.07188844082751998
 -0.2428851921580987 0.1399619388156314 1.094921557841121 -0.08067489206795671 -0.05223328079819592 -0.4011084664837037 -0.5248740384858133 0.5653469451329938 -0.3687832731204294 -1.156401238040276
 -0.2763028924918982 1.511027300624017 -1.077111849808661 -0.7904571706580055 0.0932774912302673 -1.746037815537951 0.2658609370339695 0.1546738211454162 1.043898384819598 0.4760167827140104
 -0.6510294341680997 0.573945137357635 0.02882700457242049 0.7622452886711965 -0.2055078763468431 0.5154776558252722 0.1323047399061411 -0.8939698868323439 -2.254470665661283 1.720905646083105
 0.6523142233766925 -0.01776314632352733 0.3311844619284582 -0.1055931578442375 -0.1714406397426351 -0.5324835905934564 -0.2367888051824058 -1.064654284196647 -0.1088115531265432 -0.1782308336161019
 -0.8443989954908934 1.699778101463951 -0.518215852583701 -1.69579896025783 0.167046219745858 -1.310186558185393 -0.7273799562597898 2.053865313419058 0.8929803193704673 0.1455043810210721
 0.4690961596076669 -0.8033260704657949 -0.3427452378810416 -0.9203631658793768 0.5223215094479139 -0.03031684265225193 0.3232641596680332 -0.9338570475571421 -0.08346804027545784 -1.140219863142045
 0.8537385676376656 -1.111951406961423 -0.4582081801360792 -0.2821515267751725 -0.1633826053606957 0.2932663808731065 -0.5456244276199597 1.027179974719839 -0.3501396953789749 0.619961604283447
 -0.5593524900180886 -0.2495152999297152 -0.2187261429288979 0.1364639199251758 0.1164544165014427 -0.8151869029196669 0.5038362780283241 -0.5535725447281264 0.5573018389471227 -0.709055235054355
 0.5582966426925209 0.8951074898729313 -0.9007952196277675 0.4869269543705601 -0.5421681847589662 0.5809104173581663 0.7184199197728413 -0.3731132960216471 -0.866406457940552 -1.031305949319729
 0.8895015315108864 -0.5262753607636504 0.3038482660193697 -1.315587890362941 7.308299448739928e-05 -1.347582517653524 0.7851396341076865 0.3549355441674865 -0.8291822137152798 0.4718525692897873
 0.2049704453173195 0.4388200278658319 0.5151848486722987 -0.5525850207544861 -0.7526000244794484 -0.5513559548446617 -0.07766741372641937 -0.2026760753765033 0.1342990608779207 -0.8864893442306044
 -0.7154482962616575 -1.466761472293912 1.096902795241527 0.04905962716270322 1.075692602845006 -1.565815518680185 0.3997193879915423 1.333907722027086 0.8460798674265366 -1.395629188178879
 -0.7660938223963663 0.1916994571919387 0.2492676045374724 0.685578305774516 0.2997337720027509 1.01223872404085 -0.1254047213568463 -0.538094120590925 0.6457480226443849 -1.391180578137244
 0.2483825947003274 0.9591813434930565 0.5352015812508485 -0.3554168913159146 -1.349558551233305 -0.3241777165002971 -0.3130500290734928 -0.2349048646920514 -0.4195634439753309 0.1524926236837125
 -0.2362035050701021 -0.956257272302004 -0.2027351219797012 0.5687983445071217 0.3369037081685003 0.1568941718796388 -0.5705275231090721 0.09577544122519155 -0.8234231229270351 -0.5212179693640877
 -0.3405616175104166 1.484713775755796 0.05199643937403418 -0.3017983839099659 -0.426889839258298 0.1980485325857787 0.4609059845507004 -0.2316220128701859 1.135485825144977 0.03246726201338153
 0.475490245428885 -0.6171271348332497 -0.2839092262627675 -0.2111279653207593 1.349522969294208 0.6390475108457588 0.3125100359786686 -1.212778613332105 0.9058263568647884 -0.3380487347318638
 -0.7004618113949193 -0.239007365188218 -0.2839219238532367 -0.576801345941184 -0.305513067908499 1.892011957821674 -0.3687371928522789 -0.4262545816074219 -0.9456135677082268 1.484491872027158
 0.8224769500901999 1.466137792201014 0.1298869032984284 -0.4100478525847857 -0.9165426930946968 -0.2147823934900319 0.3649075392793685 -1.073977408115137 -0.7197167172580488 -0.7251877159120375
 0.7788384454157092 0.7332627544023818 -0.004089084455201116 -0.3218529739089998 -0.1922963842607004 0.6487382494765623 -0.9321157684839314 0.3266956775354181 -0.736564760834122 -0.4496376022538244
 0.7835240964671549 -2.237599712383507 -0.7162454563485695 1.135730834219745 -1.780126386196484 1.782876055365186 0.8536773847973533 -0.2886345659232053 -1.164649494955796 -0.6733404224036044
 -0.9661220360468925 0.273374400521141 -0.232787250420555 -0.2707965651406378 -0.8719498562563038 -0.445931393970896 0.5017633227107829 -0.1312471220553377 -0.3560056643454219 0.1958090029991125
 0.8614326274991374 -0.5559267275792519 1.321513428798564 -0.3757011099556977 0.1250525623125274 -0.1785575836433514 0.4093902925179915 -0.07944388723750814 -0.3447428198163435 -0.6685594618867015
 0.1053781470624081 0.101544289634505 0.1328927157429005 0.1251953054670355 0.03784801304757 -0.02741123593471385 0.5333314653668483 -0.7409948140385536 -0.8517139051597975 -0.3566418641316847
 -0.3677292170007765 0.01182165490605227 -0.8115000893774467 0.3285459703771365 -0.2981361822670439 0.8143405484440583 0.5648401814630701 -0.4201807486539375 -0.4038941205281118 0.08491396567344253
 0.04491278390979547 -0.3653587727880875 -0.4048029521505733 0.5950407511719639 -0.3450087683935296 -0.4781283760401738 -0.3102518891342523 0.3223695472679195 1.396325698941619 -0.8998533639373234
 0.7986833845204154 0.8455366722732284 -0.6406578012557074 0.6817726385322307 -0.5091885898449234 0.3438742654270849 0.4449271571274591 -0.1913281190729539 -0.8277976536180818 0.06162206249311084
 0.5103177827846006 -0.5739612352175827 -0.2409510044057545 -0.4416195208929218 -0.3664602063032523 -0.03285304170308338 0.6399333372030279 -0.5511715306911655 -0.8168112504470251 -0.5298622103180376
 -0.06402341253117827 0.09031173920698779 -0.4542298623049009 0.318366246027796 0.09438011595264884 -0.264756162674104 -1.071311423481518 -0.4882568866324495 0.4124033032209294 1.160841241907212
 0.3936789877603215 0.8103259485203835 -1.68975749820128 -0.5874826803609865 1.415120035973263 0.553696317842607 0.3344286243755392 0.8766553074055836 -0.6790438894339015 -0.6654542556618707
 -0.00781094504566565 0.3782709721768716 -0.1156072892791994 0.8810519409028474 -1.377895534234198 -0.3660232361782799 1.043612888012857 -0.8483519293690428 0.01319461660465933 0.8987970318847883
 -0.3384960384438377 0.3470387069877015 -0.6555350366729533 -1.502262567028988 0.2019039462898361 0.02070865701888013 -0.8920646086361596 -0.8587141124873222 -0.9587330042912998 0.4446073575654757
 0.2740520654644341 0.3846427695848681 0.3519640353704844 -0.4741937870853679 0.9390544513467659 0.5648919658334345 -0.3081972861609216 -0.3834829457707624 0.03039059637244822 0.1268426577476434
 -0.6281034561490711 1.435337457787914 0.3479774862708876 -0.08641683382235674 1.274939969231592 -1.256086865281308 -0.1513449971333034 -0.986161779238817 -0.5515537932535323 -0.1435838556093692
 -0.3416458387393292 -1.556612251927805 -0.4838533578475525 0.04105689027196265 0.7950925480512337 -0.2107812051569318 0.8057492112921556 0.7054083974015307 -0.2577064458560813 -0.2946356120732755
 -0.07843720672669137 -1.026887518724989 0.712335883820281 1.30083666545765 -0.6947050794633859 -1.117574112575479 0.3177637744109791 -0.5287382245230597 0.5726976953445349 1.512344120940956
 0.6880350548292571 -0.9855770956012549 -0.4831015143516287 1.108897420119313 -0.9785215107663463 0.3277691311395579 -0.2275613075715892 -0.006020339983564111 -1.262539211479594 0.2487677671767845
 0.852510657930413 1.225784016947109 -0.7437108728527213 0.8095124262042732 0.285850624402202 -1.489604653968537 -0.3781582764774595 -0.2792868086286724 -0.04746449568105433 1.151546646631534
 -0.2550585249953783 -0.9165821512443327 -1.221800632951561 -0.6895764202594648 0.9649433491496073 0.6955515052889746 -0.1124869828386817 0.9080482463322246 0.9254372326150053 -0.1632118389297311
 -1.06085329203618 -0.5403822257096831 -0.1925205482952463 -1.290185597623272 -0.3622098939824021 -1.073337593222498 0.2368716749940749 1.6268387084808 0.9715692776949625 0.03446314520948816
 -0.1082199276556465 1.892011596309884 -1.247617732308172 -0.6471565788349463 -0.5093318075221716 0.2189124039782801 0.2759095095006861 1.11284878758479 -0.2052802865821038 -0.7271770048424093
 0.9211111732926202 0.2309689696807602 -0.3039015567578541 -0.4094423796792345 -0.2014379989399362 0.9514423032385608 0.3402033276956785 1.164563335677109 0.5268978942645212 0.01119540629733301
 0.005045352177845271 -0.9396144792635046 0.1987349224289558 -0.02539987707320157 -0.7029581780385413 -1.75158265711897 -0.2372029665872503 -0.4263639320260207 0.8128568385321823 1.4483338201123
 0.2617122119706595 -2.001627349113265 0.3378673900739607 1.447703440988986 -0.2457879849816204 -0.7298816321475935 0.5073189443277187 -0.5262117412217736 -1.669820297603944 -0.1738753512608095
 0.4771601526867378 -0.3169947555645368 -0.04105756278226707 -0.5741495670223888 0.002117735802180668 0.5508290576631029 -1.095261298985728 0.4613294613991332 -0.7330993074828114 -0.6315925233357009
 0.8737159270752644 -0.0211103318938613 -0.2031489212770397 0.4018686763330078 0.4120991325162511 0.688598756245681 0.5484055486467045 1.243001199649748 0.0164686987679746 -0.3470974144843095
 -0.3204102162330081 0.3921508690586039 0.667909867072051 -0.7818946754257282 0.03186770496350494 -1.373053100447109 0.1591330805379216 1.347148778005549 -1.159366239244794 0.02901879518866892
 0.125314286363673 -0.4793560845660616 -0.4529067718429085 -0.8234622508214366 -0.004245030319239174 0.7418517178100135 -0.02590205977375297 -0.9832581229920867 -0.8910019759719723 -0.02594247436557133
 -0.05817944716043599 -1.007786187651329 0.114118726592237 0.6742536947250979 -0.910376745833372 -0.964213502954041 1.102140259682866 -0.02753479852748077 -0.2244515092506321 -0.2559444859882055
 -0.9576551850272952 -0.6984304658263922 -1.077339196811856 -0.1038917774787527 -0.250801107021629 0.6704660104734751 0.3777890614070386 -1.237217495832324 0.9681152957161073 0.3454588719843092
 0.7948760897095902 -0.3418110907765776 0.9183871406711813 -0.9155759991866331 0.4195195887618315 -0.9778220634481377 -0.5647758808455986 -0.7586914274815261 0.3211898489800631 -0.3082340261676349
 0.2368716251733965 -0.4224216708188975 0.5692054045215148 -0.3062047108059572 0.7312425117481408 1.208289276561032 0.0311437491114085 -0.7477442029298175 0.4887063600265503 -0.8146471598033383
 -0.001199872026187824 -0.2638692105693878 -0.4355591036527547 0.05865322465235389 -0.5377051693021309 0.6665899493504632 -0.584398781048967 0.156590124896843 -0.2979747617082417 1.063320925700302
 -0.08172348974162336 0.3149896046324658 0.7902184776279052 -0.7506635274760395 -0.3233411220851837 -0.1396232889923508 0.2824252429207285 0.6834692005447928 -1.047570247645974 0.6152717639551589
 0.1494313859061961 2.376764456530658 -0.3878005515304683 -0.7446488494658073 0.1758063475261021 1.684784372082185 0.565029058082932 -1.580766801413456 -1.021404081209943 -0.8046929887618198
 0.4252521665086441 -1.327156067371167 1.144502625339929 0.002784283521219224 -0.8882163895005806 -0.3563158174920172 0.4905859155257801 -1.634079244141447 -0.8999770340264465 -0.66699977516584
 0.7932026474662702 0.2703276313815682 -1.169774176598668 -0.09784906077862636 -0.9740059405210607 -0.3678735757834034 -0.334299145183811 -0.1728912681848516 0.532961239223783 0.3333626259912983
 -1.014063101817397 -0.7718459970981969 0.6456467607352042 1.386002686840208 0.8049191924104852 -0.7945801723935532 -0.6957538168312017 -1.493498499407179 0.1266081082926857 -0.6399975723928873
 -0.02955730688718976 0.2944795116374134 -1.035499516888986 0.6156228371206418 -0.09130226614241194 -0.3885374282796087 0.9618511706550549 -1.035774680681961 -0.8650230130815849 0.6353520709589038
 -0.2725189931659948 -1.137507014734297 -0.3117414674498191 -0.2876395384980645 -0.7790973697781899 -0.4290981496319177 -0.04692759953113833 0.992806808991926 1.396605334578645 1.49791021881074
 0.5801849611951932 0.837997547875064 -0.4539872447032401 -0.4388617777159349 0.2637269132311375 0.741577789856384 -0.01401690712335612 -0.6660258340195226 -1.332919383703322 1.253101157431333
 -0.9332693061230418 0.459316727944339 0.1471163706152757 0.6049995028431588 -1.123466788924268 -0.9017729132587037 -0.6137967050386299 -0.8364055728542771 0.7632846411437919 -0.5164323080790378
 -0.7222179085587229 -0.7660644376583552 -0.7681673287757715 -0.172148170797504 0.3020404268550484 0.3528144614971233 -0.2090020020983752 -0.4712301064858382 -0.4411233737829309 -0.5130782548041501
 -0.5701067776795252 -0.5473717201900511 -0.0342549263429061 0.265710505250438 1.132405408652199 -0.7600645793173304 -0.6882504503970572 0.5771441843794207 -0.5792705499236318 -0.9549878126405539
 -0.2937090229165523 -0.8788919966532086 -0.6978349958305581 -0.2132228914195024 -0.279116422588801 0.04218107199876323 -0.6834151529572204 0.2262716621597188 -0.8418455548137834 0.4028172594843566
 0.2120597836307249 -1.285426621830486 0.724351673980325 1.300236087478123 -0.4585111498361465 -0.02613174955499885 0.7178972532343437 1.813353626836023 0.607970425021125 -1.653170423961934
 -0.1912840663777906 0.9276108756152467 0.1201814919562876 0.8968007296217142 0.5000288213880287 0.24352917968743 0.01947100006724349 -0.5051903428620088 0.4911236210129436 -0.7513505876918629


