# Created by Octave 3.8.1, Wed Oct 28 15:22:31 2015 COT <hpc@arwen>
# name: w_1
# type: matrix
# rows: 301
# columns: 10
 0.3080142928224781 0.5685054323483851 -0.5376897676540089 -0.3610167094585627 0.3470137157093893 -1.035498290327924 -0.5831270825249234 -0.04831606515983596 -0.4069969085306419 -0.981851598572995
 0.6327590419255146 0.7232232766058826 1.397623445303255 -0.6805212975096627 0.3004977160960517 -0.4990648807258351 -0.4130619513871707 -1.503125631532824 -1.410241210241084 0.5533725419451868
 0.4855639809343127 -0.3412272205811237 -0.7300497272166098 0.2787219409836513 -0.3419053801690008 -0.1442084534482815 -0.1342386863440795 -0.04499117900096271 0.2993774980773951 0.7939304609751496
 0.5367442875739162 -0.4111493443592372 -0.5167596602344168 1.154619662198453 -0.1811004482109022 -0.1840456270157267 0.2860432234713283 0.6013849592637535 0.1343347241237118 -0.4165448805205355
 0.395309012930684 0.7794725037924618 0.1266306029459059 -0.9074658947200768 -0.6584623275675302 -0.3968607081324356 0.2554349661159028 -0.7826258852777458 1.218347417279424 -0.1072148496763495
 0.6954731619993266 -1.631061119895962 0.09974595003064778 -0.7890104805643887 0.8229894890562354 0.09037295930715726 0.2161867888919561 -0.4186752950519887 -1.016927066141727 0.09435788026100442
 0.4693577575085711 -2.173590815787141 0.8251663097514784 -0.06799603185644024 -1.420279047470249 -0.3934069260321639 -0.3448380041922952 2.194725759750662 -2.580803557772128 0.8527278480114234
 -0.8642911393219818 -0.329525404988314 0.2966571636294134 0.4510981243823472 -1.235937747999466 -0.5128923106172961 -0.5350618675965911 0.3825607518919144 -0.5719936142655702 0.6628850530177551
 -0.136419660868961 1.070186870445748 0.292961626075114 0.571860157080658 -0.806594506929815 -0.2275704428115893 -0.8342103796791885 -0.07488893721426046 -0.9157963961496609 -0.03112923156044908
 0.7908872919826521 0.08258930966892569 -0.4965588626428875 1.173142075143708 1.109825257131177 -1.361493828451885 -0.178366519839542 1.508402551533145 0.5354930772466518 -1.391939458807938
 -0.7893166762579745 0.7968946872190803 -0.8168011749596816 0.01755753491142499 0.5473309468741787 0.1094712336189267 1.193738908474996 -0.4125157993374846 0.9578438334405925 -0.05006545292122407
 0.2619562580041754 0.1034652179876808 0.2788674128818165 -0.3903463067319473 -0.1679838120302741 -0.5737767259218206 0.1004076239405006 0.3613237023666825 -0.1933731624245863 0.327680025930072
 -0.1359055117466067 0.7996603483437295 -0.07318167683848931 -0.3425093807739275 0.4192564788186265 0.1285828079073085 0.3150306654856141 -1.064030043811048 0.3996305006539788 -0.5819716672784594
 -0.8601689904532329 0.5141462709723597 0.4067041141278187 0.4314980329777421 -0.4940376619722239 -0.3824270275973102 -0.1751327155907646 0.362028499576882 -1.01424788762027 0.6365757277213434
 -0.7164135062324208 0.5060962544461388 0.6099353430766595 -0.3813283156152451 0.5698432621967865 -1.085710686970919 -0.8138312210962932 -0.09908821325817541 -0.33952746574907 -1.02565986504309
 -0.01853163436067818 0.8354173503511352 1.244789155607676 -0.7217376194088827 -0.4666702808675936 -0.7261613641925839 -0.3171776406795547 1.336488438176653 1.174148306782167 -1.750681011195714
 -1.096666297656324 0.8293514828839039 -0.8930081865255587 0.01251921009691584 -0.8268237915440853 0.1522738464746797 -0.650443583722673 -0.3594509685430025 0.6477208842015104 0.6578970136045771
 -0.1068796759781966 -0.07100800698236796 -0.5957244289069049 0.4337824159819382 -0.3169618737553222 -0.5732893467464344 0.1214934915774147 -0.000454605432606856 1.306532754959996 -1.057527567120286
 0.008559713622095119 0.4636855855894843 -0.4705899373995483 -0.4081531980985361 -0.1507105493971401 -0.5662179288807918 -0.07803782575175923 -0.1745075563567325 -0.3708750537979089 1.253439642997054
 -0.9506481720839712 -0.586627651484932 0.6134691179424988 0.8914276539798645 -0.618537673834691 0.2302198591550057 0.2416035345741542 0.8522600296953037 -0.1720633470418524 0.02199712219170866
 -0.3189032055381346 0.08827339747366543 0.5059970111316306 1.18225757618663 0.7160452753447023 -1.101311318820841 -0.05315212793411509 -0.9728940442339657 0.001038238751058096 -0.9048601635996738
 0.1147660780827714 0.1974953107244117 0.2091400794223212 -0.05684543508221052 -0.8460703660006573 -1.128025115928063 0.5187305831537974 -1.062393537823426 0.5790671399565553 -1.005006387450901
 0.463753974991446 -0.138183390139657 -0.5900081121230513 1.274407188669863 -0.3691366341857144 -0.6329936331898754 0.5042743289927188 0.2081075951375748 0.4487709006046671 -0.3690309751728918
 -1.002186187664718 0.4582979570238053 0.1605578002798971 -1.024236915393982 -0.2124818278115664 -0.5331928869732364 0.3863544989949244 0.8133291258267743 0.6672267071484442 -1.253467099555188
 -0.9210512506946241 -0.1941929740880703 0.7883655382716629 -0.0859639473128391 0.02011165005048615 0.1316503038362178 0.004057441839886259 0.8923078055829463 -0.2078655287142597 0.3023273882308123
 -0.5093287179906603 -2.396820321548363 0.6440238842290064 0.6308768095352619 1.335040584310122 -0.8860354381988386 0.4523027916437205 -0.6217525010640542 0.9107608575848191 -0.3134699159869584
 -0.7112673075060946 0.2236138184215676 0.06096927920655169 -1.298913292459476 0.2570660765015365 1.165936709164399 0.04006194810602063 -0.1496208174428401 0.3198249716042911 0.661610438829056
 0.2514150627179935 -1.200556499127337 0.7632363741232489 -0.2150525901246428 -0.7671256301998117 -0.06716172144962221 0.2085426616450744 0.4335498875611312 1.221172639748638 -0.4959670151027177
 -0.4992967476733555 -0.6738687877372074 0.09992606452402455 -0.1102122716099197 0.7909422038883962 0.3763211304266162 0.503711681131533 0.1717967832534991 0.1606904827188386 0.2620140063205871
 0.3530131506669748 -0.8730498948133967 1.464335204432898 0.9970328815139337 0.1276808911455384 -1.155130287518355 -0.1496104698635376 -0.1850803008252282 -0.3067375069978318 0.4731133244758241
 -0.8392961932251768 -1.275101155675411 1.340001526227325 -0.641434871163175 -0.1891076908801006 -0.6005660169107534 0.266576236742343 -0.7921542067601229 0.7494801716340622 0.2409322872822846
 -0.0715060184218448 -0.8745139436241176 -1.05738106330801 -0.2840858707124347 -0.6298739590658288 0.5371439363285686 -0.6063168284223738 1.076693328020467 0.379262628332727 -0.9045317282874582
 0.1373475901034228 -1.205197275945256 0.6771486894428195 -0.3316187506342206 1.003170401195958 -0.6711471481740854 0.342452935858961 0.9090475714241848 0.4358700713076443 -1.079654281651598
 0.1360745339005642 0.4260221183020694 -1.040982572614659 -0.2235295675514793 -0.3190257425348708 0.601163618185087 -0.822480114103513 -0.5201361629495231 -0.1653981997110699 -0.1217012005658116
 0.7113418766213234 0.6642109350024773 -0.8275086926144042 -0.8822312952366431 -0.9859285132078103 0.4886596286120355 -0.1393868476734467 0.02706610466963143 -0.2807157494350209 -0.1629958334992936
 -0.05545735924251378 0.8557020897776649 -1.168539736849216 0.0559583718536173 0.1564693336701891 -0.9546323405453944 0.4157296968171317 -0.2393795682309282 0.7813107533529929 0.8239265664160602
 -0.7016126049059389 -0.5888116538197115 -0.1658608888986261 0.1428678973609856 -0.7890601887435683 -1.030112586465228 0.05526796098748339 1.666062212327842 1.116559272382531 -1.066167104263651
 -0.3782445154553787 0.3911031197914608 -0.07265888747964899 0.7157551408129931 -0.1880558024056058 -0.008003273792501008 -0.4153558614699381 -0.353309762462766 -0.9878711283001699 -0.6838720799301231
 -0.1365921049973289 -1.246046925397874 0.7447450535633817 0.4495699519182666 -0.4721655535851552 -0.7346146647646559 -1.029333583068812 0.36533167060799 0.5468331145904695 -0.5643990045178503
 0.2763080326749218 0.2290164557640799 -0.2989679253035058 0.1862814833923072 0.1754192471171349 1.711005523910251 -0.87836093138616 -0.3026118272160947 0.8674659294300169 -2.094923358327929
 -0.2176433771983859 0.2654466731340741 -0.2549504160058014 0.3922365015633001 0.6430215865068966 -1.660423779877099 0.2039695791424877 -1.545836848471949 -0.06900635192505733 -1.946751188549346
 0.5847746584829555 0.4052514673148537 -0.1784991054352583 -0.2111151149288561 -0.7296637755833123 -0.8196493525137157 0.05134173053295345 1.048757024028624 1.107943275005296 -0.7618291363598556
 -0.7727711086121357 -1.039904629747749 0.6703637802303567 0.8112002626408916 1.527449499031595 -1.035825366989881 -0.5926542431877008 -0.9983716077279219 -1.458531353914244 1.362802728683832
 0.01784851951077843 1.975040385745408 -0.5744277502715996 -0.810849755466112 0.1573712520141531 0.2375309828985828 0.04091280003016733 1.112572004188785 -0.1371734284752012 -1.024077644685075
 0.2994668213435342 -0.1999939804142288 1.087251096074857 0.6173391315005242 1.018076939443564 -0.8773505000825682 -0.3791962118086916 -0.8821846110049248 0.2742605952583065 -0.8893273523328508
 -0.7195981600719901 -0.4538872116183948 0.2361550006790818 0.006456334247600592 1.049118020421696 1.183321580995721 0.2327099789822473 -0.4618596087354565 -0.7939121152022474 -0.929931646410793
 0.2019682763711841 -0.7752118026603037 -0.4335670821855405 -0.8324841772595811 0.8802901215796751 0.2591542156486304 -0.1276927279957517 0.873245539150351 -1.196626880290534 0.1149417966582571
 -0.3486133989398622 -0.9917750841180402 -0.5026156792006609 0.7077927454822192 -0.3549380995092207 0.1632764410008654 0.5274669443435344 0.5110610663118312 0.1116245579290302 -0.8486816877680421
 -0.8834864633895844 0.7124851489884603 -0.550529722836145 -0.6124023951497254 0.9579735271574625 0.01083150621950524 -0.2701045398969353 -0.5023269307045294 0.002753887985540019 0.2122922219285141
 0.5617468841768899 -1.034308130429214 0.7979266055652077 -1.351257226668403 -0.675210000786139 1.589702321221627 -0.7443936256554459 -1.016854447008879 0.5913319179612638 1.43199233478419
 0.4789428403945967 -0.801467158459696 1.04749184579465 0.729743330241042 -0.9305941722957867 -0.6926407231256332 -0.2045021648739901 -0.6730261270433329 -0.4860661644930947 -0.278455616560515
 0.2057482269890491 0.9163011906360745 0.4895140692575339 -1.772521433507974 -1.025136049623607 -0.2194135529192624 0.450906043473343 0.3482592962021918 -0.8596661809262911 -1.30951260928984
 -0.1288696430090838 -1.324291316018292 1.372282644643512 -0.1504077913040403 -0.6109929835911121 -1.15635301958112 0.1652997359470319 -0.4650663321305831 1.793040071606112 0.9522134670287801
 0.6417283325391555 1.168788173490326 0.3853481953242803 -0.6049523361454513 0.6855383987892918 -0.3125203427348704 -0.4664797208713528 -0.9995169695321489 0.3724689787389804 0.419610529965213
 -0.9074529790111929 -0.9014787506720752 -0.7197251297824139 0.2500947965803994 -0.02168701782441974 0.01379742412602589 0.85374846547813 0.05586673261086354 0.2531562693516124 0.3145710027635181
 -0.9926724801710456 0.3983601335071181 0.5772270891987109 -0.4392646194138008 0.9259867547459487 1.570374014308392 -0.1944594618703783 -0.08716606323365476 -0.7028079789606758 -2.486433822967274
 0.4224027390832603 0.9511965304556456 -0.2143230452150756 -0.1649474646698397 -0.2259517041417425 -0.5945512976784028 -0.7175930857925953 0.06142131909242497 -0.5017483970214877 -0.5825446753995862
 -0.4836044921560169 0.5496833859731518 0.4800297437541088 0.5489634503836498 -0.4014774688412533 0.65765903781223 0.2540509677796212 -0.1514608156978522 -0.2336707445895178 -0.8309726066199011
 -0.06311264067896574 -0.5455006927900925 -0.4798617424761882 -0.8205458934758061 -0.8593910011822919 -0.9676150068009663 -0.4232685458103026 0.5379630676272744 -0.07274377689865497 -0.5898591763875879
 0.5300091981409771 0.6125836226051946 -0.6543574842043776 0.5133816745857999 -0.4192364431740562 0.4013369546871937 -0.6022201821297019 1.178377903952232 0.8504087936727678 -0.1154512339295606
 0.536678233579581 1.423182478557237 -1.008555990118562 0.2540341214208157 -1.54055006802295 0.5013081185632304 0.151747564081183 -0.3713436319227847 -1.691546514475228 1.836114080753016
 0.7597436586163605 0.09591569207952522 -0.9068677237649346 0.6983687180996965 -0.6835505609729012 -0.4114774622977151 -0.763276943934048 1.187201180653127 -0.1664222199463039 1.217405197290959
 0.5882629800619145 -1.216004680239419 0.1830682784148807 0.04681868543764919 -0.01046113364994396 0.2386947353082229 0.1955446500083621 -0.8052545292980964 0.6762719858545914 0.4172357404984546
 -0.1301196266741212 -1.666104671050005 -0.7895152659040775 -0.2009286164947525 -1.299443067970002 0.9446720417608925 0.2720735642070956 1.594023178371044 1.002304760917588 1.657157942891769
 0.6004808976312977 1.066985246567 0.8962021831863454 0.4194028774078998 0.4007976239414905 -0.05851919233783195 0.1940423157706974 0.1834703679932503 -0.1280669982198809 -0.9283865231485645
 0.3062902317236999 -0.3122377692693386 0.6619157964430673 -0.4570860638389331 1.137066694886981 -0.5323244732389484 -0.3105887764500699 -1.739917486849216 -0.02559619769819544 0.4004052516995949
 0.1172471571505734 1.76719442659132 0.2960355976037075 -1.708785932676118 0.5146206695215999 0.3699352945970849 -0.4370134681735431 -0.03950659673282601 -0.3545798640373102 -1.702306312964362
 0.734456121962944 -0.4705527603756242 0.5182461130958944 0.5499891288400598 -0.3875262808862277 0.816184149812554 0.2974073550289976 0.5248021810778876 -0.9579712222941942 -0.2824114594877427
 0.09682662892549213 -0.3224839253148858 -0.1499412942045753 -1.169523198921789 -0.3487825097781158 0.08986490435473338 -0.1202724543803603 -0.4211999047908677 -0.3511433889090455 0.6073844014832837
 0.7579689756166985 0.1311961056602146 -0.4255495993904022 -0.2799093154904963 -0.8673630474792743 -1.03618440960709 -0.7919942731710997 0.5094251599146048 -0.460714314497007 -0.2106427687974381
 -0.05894174229037651 0.1502583100616914 0.2673940499136698 -0.6140688945873272 -0.3505500365476918 -0.4498195148291153 0.5612444660697791 0.9416977592990666 -0.8187712007830418 1.085262140140287
 0.03781102281752609 0.3275547090114956 0.4596374077365355 -0.2642363493319141 -0.6344533361735715 0.8253350982698928 -0.4653557779066746 -0.9048564602590969 -0.3006343990944454 0.7255060036457534
 0.8028976838760166 -0.1306507276842052 -1.444319428077605 0.802684026317623 0.6165962790131183 -0.6166073985486666 -0.117361214536115 -0.7463104711084405 0.5592610859515661 0.09973164265755442
 0.01807355720920344 1.758546237546793 -0.504802906729494 -0.4149229368018719 0.6172567397981281 -0.1536297864174872 -0.1965668763898761 0.3675414279593135 -0.2524061305264204 1.417155119398863
 0.4269627300506282 0.7968954888494251 0.7306798858249755 0.009406392824736145 -0.7085346595052536 0.1177387020274048 -0.3821323466621352 -0.8282933210475366 -1.246202541906491 0.5443033842361833
 0.4750256225354333 -0.7548656378327587 0.9745472665217643 0.2443779504065463 -0.497179540843471 -0.237871362468592 0.6322060653362855 -0.8373146869281474 0.07216539151214096 0.7699999328531868
 0.1062047689576425 -0.3295072587886874 -0.742721201628823 0.09084049021164045 -1.121078708854489 -0.1589737161077115 -0.3480454814902278 0.485061325664443 0.8805991528421299 -0.5539406211283142
 0.7385967767364419 0.4711112323940208 0.3346422249143161 -0.5157475847960038 0.7320840214491074 1.007980759666788 -1.187651528865844 -0.7673165719894951 -0.8425396007235222 0.3523139192779268
 -0.7939390124812202 -0.2463364850873806 -0.795037952665052 0.2918259008342641 0.5243673844965188 -0.1625826016421712 -0.06190190133085983 0.5221536274688039 -0.1434705012424229 -0.8740075251415129
 0.2914643892940677 1.056725938758894 0.9491775004807453 1.365815938561489 -0.5826387352298374 1.105360382195011 -0.6038926793154245 0.8474589819534782 -1.024223333581931 -1.464014852516022
 -0.6005352672727305 -0.7579724729081532 -0.1587001234386078 -0.230399754293961 -0.6746492626875848 0.7430891811257745 -0.2512977431856978 -0.1599713059795082 0.1585299674052164 -1.186741917989589
 0.1533991511957355 2.346685716449028 -1.440604058795326 -0.4904776383379783 1.384226773757811 -1.115347786911135 -0.2872351242847156 1.577120617356286 -2.186210061269849 0.2090642932872931
 -0.4542525590363733 -0.9976210664927788 -0.1698204623265081 0.008987209971933667 -1.001228575774792 0.2758241209474481 -0.3315398667108885 -0.3988632047211599 0.05257474825389234 0.5518720782631572
 -0.9949674390007698 1.020789906388555 0.1179339759194141 -0.2984309784170146 -0.1635814063756904 0.2255465989846168 -0.1189426775902455 0.2679145901630284 -0.8438496529591 0.6010041757373634
 0.8006284441842519 0.2356560039877285 -0.1763859490539154 -0.7870351164595992 0.9533185053354006 -0.1557524927287959 0.1647362831460409 -0.9268238602570253 0.2636231445588077 -0.2875228766711986
 -0.8133435722378328 -0.4579468693367678 -0.7007592347346383 0.1425373887102466 0.1093118543788031 -0.04841788498981146 -0.8713038822614027 0.2823667225472343 -0.8621706141457055 0.06917719206424919
 -0.6953370373228015 -0.3719411695970065 -1.108292031631772 -0.447268957941271 0.6262808385147345 -0.6762427480168224 0.2781262057505684 0.4942564388491824 -0.03725604698976487 0.06557535722970437
 -0.157024608752981 0.538628790632103 0.007770742944562005 -0.3021721636208975 0.947130250486328 -1.417167425211765 0.2982524394115314 -0.7709020565548068 -0.2312260357900725 -0.615429158007665
 -0.4262098962944682 -0.5352217313416876 0.1111255175435622 0.7624969282817413 0.5596776717141163 -0.7742057315045684 -0.1201796972994389 -0.6984630023111695 1.835623650264187 -0.168177194407276
 -0.1399562066387717 0.5005952750236384 0.6531746874617319 0.3553020081243491 -0.5068051212229003 -0.07726764555765182 -0.1180100254222157 0.5212160202413986 -0.7580929947315483 0.003909653983314749
 -0.01644798526442095 0.0009666800097701203 -0.733173594303637 0.08409791968288065 -0.05705034674086151 0.59189663220883 0.2063951797184466 0.7915890504517736 -0.3606877717840415 -0.6887698250310358
 0.3388846221863071 0.2345342030860502 0.9283654476660059 -0.498801142199938 0.9595386684853912 0.1728686376483056 0.08300252918798381 -0.8421877129046657 -0.741389413109946 -0.2671172155581676
 0.2409647245007203 -1.876190416765122 -0.3508466850214559 0.6173416901570311 -0.9833096321977814 -1.040718292207284 0.2535594297696812 -0.2203107322832847 1.064053849684619 0.1679655321084723
 -0.1892544789864881 -0.8748026821353615 0.307065364915975 0.7021961729592711 0.5211439750565804 0.01016075149003039 -0.1763739625471308 -0.22438669991704 -0.09602295315706814 0.7838700801743319
 0.9845460088282756 -0.4019867621445067 0.488284121419881 -0.1052333415738955 -0.7361509227856106 0.03542068602859128 -0.2962724079070625 0.6301783974755417 -0.9466618016284045 -0.2229244626963327
 0.8001792772233811 -0.797217593812516 -0.2204173320650141 0.09737011730240955 0.6872014584417973 0.6287945224587306 0.4416689104101693 -0.7584766215853382 -0.7947366980569481 0.8974114988368652
 0.1540161746812379 -1.41595568363147 -0.9194581883689179 0.952079734101568 0.4796608321371995 -1.399570964167355 -0.1206768077735123 -0.4977141224694639 1.282372672062079 -0.300838064055743
 0.5997403909348962 -0.3572653589889222 0.6298177501347281 0.8715159237687993 0.5384566244167682 -0.4565527984786968 0.5134022258508174 -0.7166002181453986 -0.5730104651884835 -0.8548412662585225
 -0.1234190967004995 -0.5786856467447951 -0.6654992401086786 -0.4906171371676813 -0.1823748178486921 -0.7352624295110588 0.5073701374415776 0.7174121788288756 -0.9577419063896078 0.3909206938901892
 -0.2177076305798593 -0.4587305811842382 0.3435254711200473 -0.08075282611235106 -0.3894619478221987 0.4223811254291159 0.165588992594985 0.1592690070526789 -0.7353638567770842 -1.157735626140735
 0.5521186929094908 0.9653085852180068 -0.4066478498644635 0.6851325377953357 0.7336691535651269 0.6230184845957745 -0.7332559552848438 0.2039329989079604 0.896901431238218 -1.522210710687776
 -0.3717032959078543 -0.7711610952223515 0.3260924484300273 -0.2521218459559779 1.114363574641668 -0.7068734422842499 0.1618472117940349 -1.520418790008641 0.7356005634093203 -0.85518970197273
 0.09228176268066894 -0.4855788425677909 0.2670711427162877 -1.919718950490864 1.217399636689837 1.098223335914066 0.3422259701377243 -0.5184021763672638 -0.1413906788898551 -2.010296550245154
 -0.5645824045217834 -0.176671856166962 -0.3246971867297795 -0.9643809076848959 -0.971259663155335 -0.2561868301258055 0.545402907668059 -0.1103683583016311 0.6328404509631947 -1.069689598387634
 0.8932934158696062 -0.9923998811836255 0.294298761228189 -0.6058735123471238 0.159250065059311 1.465938789081 -0.1077165553914749 -0.3040159175197604 0.02743639880341482 -0.6959479636399546
 -0.3476397504463264 0.02513554336662925 0.6585013465411238 0.8476135423979361 -0.6220446035737915 -0.5218034621185275 -0.1039999874935251 -0.943995067996456 0.4217349103528235 0.14740455410554
 0.3740491016469524 -0.7408928097371845 0.3693089315560316 0.05556025301699936 0.7304854286636195 -0.4003895629354466 0.4699297993412546 -0.5433712866106891 -0.686272915104397 0.5510548220000081
 -0.623879141394926 0.639608866834147 0.02853985223320408 0.7129863797764922 -0.1797302019849469 0.8651401239924501 0.04213653210892338 -0.108732226830295 0.4346102649781395 -0.7263665673004956
 -0.4030314493435076 0.2870731959612752 0.04979847118469288 -0.2238754079037795 -0.161554097392945 0.6940000844476837 -0.1490910150262597 -0.4297894637210639 -0.1095724106814712 0.6581938451521887
 -0.8352366831245231 -0.3930796907821786 -0.2565188835417005 -0.8549732129970828 -0.4956787751345523 0.9930172956420128 0.9655430171863492 1.106630436639859 0.5317913413698521 -1.537457650735551
 -0.5730272909194873 -0.1133133050546634 -0.5286476965732892 1.173493640706524 -0.8293881343420023 0.460920448204059 1.148251948529694 0.237368823555989 -1.13317987174403 0.7627599198198098
 0.205658757004608 -0.3287678963834188 0.1401505229210409 0.8052983011749534 -0.5034452443731247 0.9905615245667353 -0.13820723634337 -0.236870628577698 -0.1942907074603884 -0.4484476655454515
 0.1907274627366323 -0.2508346974837053 -0.3344398829284729 -0.1800351367129694 -0.02086799173410816 1.10426200166346 -0.3781682538106484 0.706357323356857 1.307911582657903 -0.01279083164188663
 0.5115294288173693 -0.5211121771626203 -1.024969883092018 -0.05756813452496021 -0.773871475906886 1.153654721948156 0.6436466544672638 1.747940437599102 0.2118581831289889 -1.647022100442462
 0.4211714683945562 -0.8753953722828497 0.9732109199715057 0.336538440573096 -0.318894901604286 -0.8670331785431264 0.05727276298239709 -0.3519230528976416 0.9003425750824783 0.9338772864511999
 -0.238997798842204 -0.6001523139730747 -0.08194909507603071 -0.03402518789889665 -0.3052348651299407 -0.6733928093622678 0.109721597864694 0.485704926975139 -0.3315846286743914 -0.8611174341792672
 -0.6156155853934383 -0.5732472114410451 0.5336721936652202 0.3819426189631761 -0.316848753076009 -0.4293561367480797 0.5841610744330449 -0.2576226407027557 1.022149793051729 -0.6108089968507591
 0.8671173908577874 -0.3185226315102364 -0.3725958344252566 -0.8654576439054312 -0.9366375777704664 0.5841300914728873 -0.6329612324909165 0.2649287708785875 0.6823341322218348 -0.8122839023051226
 -0.4937058161900776 -1.106324609517353 0.7152443296565231 -1.945806034820246 1.481105634947812 0.0404088475756993 0.8225822884839217 2.163395190652283 -2.142655802378462 -0.007589533146103981
 -0.4211412999173438 -0.7100472836105811 0.3753973532396461 -0.5019594946399366 -0.7710198736742141 0.02188395735387876 -0.7294307510208669 0.1665806870500756 -0.04911497367696292 0.7095421836838453
 0.6269258176848679 0.1715755486389317 -0.3676739196027901 -1.018814875895339 0.2295500575302585 -0.464373136137429 0.5419532214431954 -0.2311447732111223 0.3223318607765214 1.43508699560893
 0.39884837640513 -1.12294239450638 1.508904232995731 0.8711536175555274 -0.8099819522680038 0.6915733663203463 -0.1287128571789664 -0.8305714186647014 -0.5498945311504412 1.326455189460587
 0.5547284026927231 -0.5518362318823656 -0.8029600445238727 1.126319135441229 0.001463192811093091 -0.5215937636566679 0.5135459421630609 -0.1171998150508416 -0.6381133619101256 0.5471123174828569
 0.54872307823671 -0.3689478490847916 0.2624976170101944 -0.7521344751590793 -1.440650767807429 0.396794422205456 -0.3174470736488327 -0.8877310926947369 -0.4038034919181731 0.9484507142585067
 -0.3577068606752177 0.9711403626807755 -0.4464622757697066 -1.073585399764176 1.261199834045517 -0.8162535322952853 -0.2591579483060142 -0.5618509976038017 -1.165635506242734 -1.24375055235292
 -0.05744530239194903 0.5763933270465855 0.4260187375013782 0.3791817543862004 -0.1232336586541361 -0.07568363957525261 0.4463459107828209 0.4093955740591427 0.4297457602182819 -0.7846136680540099
 -0.4027218201326904 -1.048876370976714 -0.4917835026942601 -0.1321354050795855 -0.6786994112587573 -0.4432937205609706 -0.1095685625393451 -0.5715440844155542 -0.408032428801848 0.476911507545705
 -0.01664169648687736 -0.08167207841939107 -0.5497450946138827 -0.7509509826628338 0.5197748686425838 -0.4478694479272399 -0.3443292560825829 0.8784402319655282 0.445587642221327 0.5704402804620367
 0.8392831338035865 -0.466481990235212 -0.4976748564573032 -0.178813448783914 0.2429493981102699 0.6798932287981875 -0.4385304964868369 0.7656997775810925 0.4504717806509228 -0.4628587345232555
 -1.002548046121979 -0.2037185338597541 -0.9046712806089239 -0.0964736426326408 -0.7365928408083559 0.6563651227808883 -0.143689644434845 0.3658872035801749 -0.4021933530739837 -0.1005195495738702
 -0.3191019337758157 -0.3084557194141625 0.189665923945088 0.8606528691537695 0.5214506836572464 0.06210449379823658 -0.1275099696758024 -0.4644617489022181 -0.8718216361056443 -0.4162319970427704
 0.03725721808385988 -0.1625859132938819 -0.3214657993567626 0.04022871227647625 -0.5777060402375538 -0.8769456587756085 -0.6387910893193489 0.2496540090898695 1.150744933382364 -0.06243232597384971
 -0.6397548030371605 -0.5370272727885083 0.7313509381557233 0.05809950879208791 -0.2284214756077821 0.2262081765197685 -0.7242305673475062 -0.2371251583872268 -0.3802915732705115 1.139624967815817
 0.3857978451358129 0.6690788622404302 -1.433760135445212 1.432256316902265 1.520037274522367 -0.9777229063895727 -0.1584471473057193 -0.4235618248557914 0.7750150324700799 0.422892986397393
 -0.7922157133953529 -0.6436951981922066 0.8687186080345267 -0.7784702657457631 -1.097877398647044 -0.1751831329390784 -0.185004001581795 1.531307360904637 1.336099358999197 -0.6343694368300556
 -0.7421528866516292 -1.680554923601755 -0.09756918095340653 -0.5115920992861316 -0.1539426749010114 0.546311781872635 0.4377497707155903 0.6967988427940995 -0.8051847078958703 0.4910287161793288
 -0.3166834652590693 0.1380319266411599 0.07614715144468598 -0.8254573703898365 -0.1756079034781565 0.4948837743331423 0.2396839077023813 0.01417820455921729 0.5052172368504617 -0.7350323042819924
 -0.9487050786145896 -0.1583859777192342 0.8153694906540413 -0.04384606549317534 0.616098982200547 0.1861494412994618 0.06645228065153218 0.2905345187064714 -0.01533985703386021 1.153762823708619
 0.588658307264443 1.050166522452861 -1.324636512192477 0.6205377055213522 -0.9877805259086001 -1.366914314689075 -0.8732502920878483 0.6411384254726121 -1.332941304146008 1.75374179429898
 0.09648797449392409 -0.8892416788886272 0.5537828627183492 0.9204317909450911 0.1459479570913743 -0.001490244908992687 0.4994086771907295 -0.472942124029059 -1.005099474678306 -0.156218056355421
 -0.9368205915651552 -1.500013891171984 0.0800339326724728 -0.831674508908808 -0.4574433508476969 1.06661339226352 -0.06668408001170764 0.2649540706415777 -1.198084689348632 -0.4676223097294829
 0.7870597761177599 1.343975001008345 -0.531360760394514 -0.7153562277343199 1.198699772126555 0.2500904921805108 0.2589292932092062 0.563418595710077 -0.6443464068688843 0.9440335680094833
 -0.8794728657902379 0.5750095339387179 -0.6833986523896678 0.8694219665824673 -1.134204268349925 2.12798047163561 -0.4769072321343659 -1.497310006792429 0.5340124805563057 0.2930815491674913
 -0.4318830773580373 -0.166332107236783 0.8336801882541606 0.8074125635604243 -0.6827944905238029 -1.07741477283429 0.707012177774498 -0.09212457478917808 -1.164993906787343 0.8191407826037302
 -0.7491258097914444 -0.1533480016991508 -0.5400261564724338 0.02488776557350287 -0.3387629591377297 -1.095735445780383 0.1765909628179849 0.07273565518016514 -0.5201257387293929 1.426261143574165
 -0.2727431287202916 -1.144036822283325 -0.7797939613367207 -0.3519448481989643 0.718661700021448 0.4797613077696003 0.2338745569855657 1.901632018152456 -0.6573100155142487 0.9645741911749882
 -0.4297768693409499 1.455308876902591 0.5310149946867 -0.1807774284825019 -0.6796170369504183 0.04123949129169397 -0.1878711667783056 0.6218681511562865 0.05834749016668497 -1.053534222862651
 0.6482824047937664 -0.8530659722820276 -0.3850587970265476 -0.4879543214230813 1.256222224483142 -0.9887269610334989 -0.3769258253307379 1.598702747578332 -0.5005299320157046 -0.8992146410584438
 -0.3187297870081063 0.2195141764532073 0.01182185354426425 0.9413039694352322 0.4150219083066094 -0.2292308002997102 -0.7828916865992551 -0.9361886687744941 -0.5486408769404523 0.9987217572918322
 -0.764290713283122 0.7432387725700377 0.2506616694056873 0.2316058335237833 -0.04343152112704091 -0.9863183390992881 -0.1909635767380724 0.07672790513917473 -0.9098554724357681 0.3351974874505171
 0.8646118313934502 0.6689363660336241 0.1360866621722523 0.2585984259337885 -1.02996684252655 0.9805234381418187 0.2375496049425025 -1.555011082762316 0.03553106307890504 0.1569694254629617
 -0.6333096953534931 1.683399667274086 -0.2661725733355783 -0.4653535561260955 0.2243341767158458 0.9435073513156789 -0.04807346782008395 -0.4670643897527577 -0.2309109322668183 -0.7966352514966538
 0.5501946493080516 0.1350059737066889 -0.7706813638029123 1.019632603277918 1.144917932864756 -0.2549231004199281 -0.1037782996311925 1.055815708662092 0.3658190898856201 0.5586384368736046
 0.4869154095982802 -0.4762116635545367 -0.270352393717234 0.6096367832242687 0.1297407538498011 0.536259991371281 -0.02822429894043136 0.7048322004479864 -0.2283232121321236 0.8891278550827099
 0.5276815304529461 -0.06556565853242038 -1.001592735260241 -0.02045954993629267 -0.3626085117268774 0.03083138404624278 -0.4751829719357524 -0.7542682416487521 0.5278318115191678 -1.201785888199689
 -0.2798128069248295 -0.5514481299943941 0.7410104795503977 -0.6255451676355362 -0.4209910771521778 0.1966636361565806 -0.2095646986945035 -0.8664289312809218 1.465934838837627 -0.05269788076119983
 -0.6146496004581083 0.03467714962040749 -0.6521895431231275 0.3816745883534226 0.6474721337278826 -1.652144833741618 0.1197524422826027 -0.1775439907952625 -1.088235844077142 -1.321942150860021
 -0.6410815746784544 -0.4042121438557944 -0.7330114736441065 0.1350514145939828 1.012939060445881 -0.5641878549907378 0.07283939109566621 0.3579619165998751 -0.1257080627707351 -0.05340369541156417
 0.5683951375631791 -0.8547914100669399 -0.1394984609516197 0.3028669965714629 -0.600109630968322 -0.4889861736994214 0.02407084340939104 0.3456812110683076 -0.3818803575673949 -0.5047607716870057
 -0.6696608893323588 0.5333068388539021 0.596130311815284 -0.1595984506376307 -0.02991705430156404 0.2667717142487726 -0.2870731509969537 -1.294823804793523 -0.1760286517861719 0.6462078459797657
 -0.4392941799636358 0.5048448110469521 -0.156673088309172 -0.3980792553003962 -1.608987316720437 -0.6931525122244763 0.1035274170962587 -0.150235416354961 0.2159701456979407 -1.203063926086515
 -0.3512431593826054 -1.229957773453108 0.649261536424007 1.316084336552146 0.2420991726753513 -0.7974289009661233 0.8984352309677451 0.8076216658942165 -1.634460177941846 0.691084697776771
 0.6685501034895984 -1.076980650935333 0.3296503898899472 0.3575573237357944 0.672767300431422 0.6193639543244772 0.2758756717173943 -1.907811052507165 -0.3160525292416743 -0.2430335523588558
 -0.03237798231338138 -1.273681905249198 -1.26201511892691 0.7447294552451912 1.097971770283168 -1.094522592738005 0.09730652610913572 0.701533003573476 0.3265011497330603 0.1956724027339048
 0.3034207568336461 -0.9216745618080773 1.319761500052872 -0.3954029578193064 0.04462189431227747 1.710350468342299 -0.03092763223520638 0.9402962950280245 -0.8489829068779512 -1.406838851145935
 -0.3062376239685517 0.838256583608732 -0.4257627154480802 -0.293821475415131 -0.5777693969002311 0.09052919905972193 -0.07945871643020835 -0.439621683749471 -0.2603485662705239 0.0708767759092942
 -0.06077090367463122 0.2898691410779878 1.065807496552055 -0.06094240450412489 -0.4715230087452906 0.7957505345045381 -0.4645715422752397 -0.7125342256168584 0.4154535731081613 1.025016157191521
 -0.49553169839595 -0.7474126263560014 -0.7449901478523832 -0.01884933712054006 -0.5734214199833388 1.229458779776529 -0.6407975859915724 1.796860863481178 -0.3799329951522809 0.8056967266188984
 -0.4614369367821038 -0.1443883763397515 -0.1042126798188378 0.02606157661172564 -0.5428084018703671 0.5426366718771855 -0.05032507901300969 -0.4495523621516296 0.9625696413686761 0.7099038893806384
 -0.9256763009640324 0.9316654474310683 -0.1703490448407895 -0.6370163956886364 0.3565366531212198 0.6174915256659792 0.6047760788949534 -0.4649734571180962 -0.1949129589797605 0.4249597803318135
 -0.3776222643727132 0.5376139289142982 -0.1678141966683226 -0.1223187589361451 -1.042986759832279 0.5262244775477094 -0.2893333648990645 0.2886554506790732 -0.6135661561592841 0.448407347905344
 -0.3154336583149886 0.517178358182644 0.06809924300033222 -0.7627964645654715 0.4239592091920944 0.3444624708420745 -0.8537298926656111 -0.6615622927109606 0.6628031217109627 -0.8654161876892426
 0.3713837832979706 0.5606352078989633 -0.8189628821000862 -0.8938637633494542 -1.000292149802413 0.6549131473127227 0.4298119438975272 0.786917009919167 -0.9866380234492507 0.4495134538324483
 -0.8981614219753142 -0.7659105396637886 -0.5480708762001161 0.3494994135776385 0.1506731703668491 -0.01385706224381433 0.8402890439317674 1.042166633483937 0.7806786993982755 0.4636216048480636
 -0.2337803557900471 0.5260248632815835 0.4142334422431332 -0.3327606933272892 0.0768308659369103 0.3081763435919158 -0.2713345434569185 -1.087222223010537 -0.05865186008167284 -0.8952430014998892
 -1.092680178639905 0.2610175739412039 -0.9009184448424316 -0.1904104538746503 -0.2459894232280074 -0.06701407298955028 -0.6204233377523855 0.02478819480197406 -0.0943055726506454 -0.8824744313283273
 0.3875560990769087 -1.986789672261388 0.9213419266111275 0.3541958494921611 0.5263076039835972 -0.4542256816259669 -0.3564869352680378 -0.1291185101746054 -0.1872740342355701 -0.4630220145898964
 -0.05496430109025893 -0.3663358776133366 0.5876449238921103 -0.2199750048835643 1.112730328090661 -1.139241801357682 -0.4950875045546465 -0.2890189035395203 0.2021977664555486 -0.2802210446605154
 -0.4920553551423191 0.7218483672312225 -0.3685873964237252 -1.002869673744403 -1.010880772036062 0.8559154564090516 0.4069484798014182 -0.5443188374959343 0.435732695844158 1.478327995348917
 0.1756440611054595 0.8918727002672164 -0.7216449696585732 0.6674421510234922 -0.9577109962621373 -0.4533276628286887 -0.0225462031104384 0.02174804202338588 -0.2338639371347871 0.945006113408245
 -0.06457338105764014 -1.363082090800071 0.5854997975973426 -0.4798585953413833 0.07227624199710099 1.085626079181001 -0.3695762588047978 0.4237236388509874 0.07005455035471045 -0.3747368615291513
 0.7091254660168761 -0.8740300032315534 -1.254965718758935 -0.05431728004972319 0.5762475221227751 -0.1822685410948426 0.9566383232643794 -0.433553999138019 -0.05891293130244036 0.7403727391712456
 -0.02868089635755765 0.9500526638586148 -0.1152322512605344 0.7232883602385863 0.7598577383755747 -0.4175838854891473 -0.5161060662704938 0.2387883955399386 -0.4384508072917166 -0.1841337548975464
 0.2733034475225718 -0.2985350605343704 0.8302246984042867 -0.5204302082309394 -0.2957759303961455 -1.097399789751597 0.4533515589797097 -1.419041007339672 -0.3255781453431121 -0.8476215924081577
 -0.637597629575659 -0.2180445610321521 -0.9744260146484589 0.9521920050504412 -0.004377542006458604 -0.1526451320992985 -0.3233402822523769 -0.3375982220873275 -1.133574291350829 -0.676842451658467
 0.07424306709879544 -0.277708874040973 0.5102338397287196 -0.2640864886420337 -0.01620180334507881 -1.069557307791501 -0.8877927751456119 0.06291233388384582 -0.3058817174462545 0.8192892131026067
 -0.213094051019011 0.3526187704597573 0.22330753435499 0.7863639497078765 -0.8029366722434863 -0.3305395307997174 -0.006346971179728095 0.4869740999659252 0.630679585182609 -1.105622854886774
 0.3873068453020974 1.923675576111537 -0.7688765766470971 -0.8285335502657216 -0.352800196217145 -0.9507360788206978 0.196575220989288 1.193689022839365 -0.5716662558598335 1.126383403278066
 -0.2368646088384212 0.9208432935088854 -0.8834443448532469 -0.09830919108029697 -0.8181729382686883 -0.5604594805224877 -0.4217588435824352 -0.09413293797495134 -0.9087935329432929 0.439470572615855
 0.6640983874641507 -0.2621040311480519 0.3501278341660663 0.8444821369742054 0.0818199236640875 0.3300497836939661 -0.1138040005592943 -0.3839147842333354 -1.661998400168817 0.07943986926100294
 0.1703149193603002 -0.03832606815196396 -0.3575360482892986 -0.6105286808147181 0.3515708630101743 -0.2045351756128057 0.04718698743935124 0.02268574207474906 -0.451546977666684 -0.5206309149013654
 0.8312219641718082 1.489668621729818 -0.3145861367960112 0.1990959883655714 -1.211019554524676 -1.008716866622388 -0.06836678711058085 -1.220044722866879 -1.065419184895836 -0.7568085204411056
 0.3437312015151973 0.02295289053315083 -0.1428196424298902 0.7289942168010853 -0.3395301555175583 1.541950276159752 -0.04244343246763242 -0.3111290109495969 -0.1289029761122698 0.005050119722997222
 -0.2371043986000384 -1.432481060694167 -1.375150129778196 1.104215301375947 1.393188001359781 0.5773714300533396 -0.3990102551854607 0.5215091785071727 1.100381955399981 -0.6809299217860443
 0.3367210613610622 -0.9597242593642846 0.3572320173663208 0.5413398826713292 1.037357027286323 0.4074684285509172 -0.155488061571013 0.3937339779602653 0.9802204930455712 -0.7003918351176185
 0.4643823282544662 -0.3944551942363588 0.5174392300397291 0.7193332509542671 0.7741616191292681 -0.2238767036122668 0.3526587960459839 0.5297654312829366 0.1614431414093671 -0.2344741958157982
 -0.3944405583697782 0.9756586821314921 -0.7557067812795717 0.02703026002698152 -0.2043688356770256 0.7937468750380253 -0.1906445880677609 -0.4901489057631637 0.170339459549312 0.4919241266963341
 -0.4766531218059548 -0.3359394864664821 -0.01272322026344982 -0.4431084828922695 0.4253894708762728 -0.1023224552759669 0.5013752796155334 -0.9211321429995216 0.1673240757753306 -1.458305547585356
 -0.4895714099186132 -1.202192663300262 0.1324751436386164 -0.3569379698528446 -1.036373553686041 0.5673136917317119 -0.0257124069056805 0.6164501515185666 -2.086034154868665 0.04517555200686137
 -0.6748127711138177 0.8847485371467564 0.6121798084897191 0.9379353375034862 -0.3075235174217286 -1.362826099783506 0.3988060670093808 0.1190508754742624 0.9307598913485454 -0.8126120687349281
 0.2584145113317986 0.4884347366771221 0.9940471295108274 -0.3545519273544071 0.08170116930835386 0.2895903008256736 -0.2950490810788343 -0.3125622952233524 -0.108447865688663 -0.2877014626576038
 0.1532264048025557 -0.6871482467430781 -0.8592631969035609 0.7450798314870409 -0.3200582705774156 -1.097882257873889 -0.04039070094168919 0.3275303263853462 1.59024154754625 0.8470014406775394
 -0.2298319620118564 0.182009144172241 0.2703211842846969 -0.5114005629058548 -0.4066611288772332 0.242129312004693 0.6114270852286203 0.01227906194142321 -0.3638912586195165 -0.2483357487657255
 0.8513167061943002 -0.5357357807872587 -0.8652347526814805 -0.9247511411667202 0.4375685031777868 0.1187639501838959 0.4422355142362341 -0.00965924524545258 0.579284928215807 -0.01352724925341143
 0.231587300374368 1.69579724488335 0.8094488136852965 0.6856367853899035 -1.235279759047725 -0.3238850391667356 0.2699810717599068 -0.1993664398832805 -1.921292232068154 0.4268227816836714
 0.6573695516180676 -1.106323770216374 1.38795561255713 -0.4539056505351162 1.121149587698112 1.06779325436657 -0.7525631150104555 -1.586403101792503 -0.3278187419516372 0.8071432150242347
 -0.508579683034276 0.1065638853903063 -0.3245747606285582 1.124689517555398 -0.61245692575898 -1.075774749168367 0.1948207989538655 -0.4389497221394105 -1.206439614256936 -0.7347899810670101
 -0.770442021700657 0.9094517938952666 -0.05199523915334531 -0.545808338816691 -0.4589089794850683 -0.07868089694527748 -0.7169106493640275 0.5188393060252543 0.4743908021741822 -1.036451536586761
 0.01386290365658372 -0.9524430977097177 0.389661742967061 1.524009049099619 -1.161072443452803 -1.115800159795245 -0.1980916575517888 1.437243116868569 -1.211089823743278 0.7436505833011722
 0.2498133734462284 -0.9949670763643267 -0.3043539308421869 0.3094559195965881 -1.01941038073356 -0.3043153002489398 -1.045538225516572 0.7284898896969488 -0.51410901003798 -0.1843669023000493
 0.1749152303684758 0.6951514634742296 -0.09613973011560484 -1.875704897292814 0.4443897244690126 -0.7131330127130012 -0.7099312385884257 0.6862130656038843 -0.4860928582151892 -0.552422578444733
 0.4872103334183642 -0.2279316139952463 -0.2019579343960931 0.4013605227098139 0.1884198188253837 -1.163360555633182 0.07037570101563848 -0.3432898810001197 0.1177095233783662 -0.1503958572011046
 0.8115135882949711 -0.3811278047747051 0.8992586200847822 -0.07442278968212222 0.4494752192112469 -0.5668923188199367 0.2972597464841685 0.035505574760236 0.5575868980937003 -0.2145266050284606
 0.9448178839245225 -0.1970346338945418 -0.3849675691633599 0.8629411372809835 -0.1591344691920618 0.5676435735027352 0.6780959756760985 -0.08870195361412647 0.3818747175921257 0.8322354496308338
 -0.2486267142811163 -0.8594878664650729 -0.4040555000085786 -0.4191669173169441 -0.3673821170498118 -0.3374636695689394 0.3740528241191429 -1.017432830303314 -0.7115157061912776 1.125766578758406
 0.1499071665103819 0.7037688990546298 0.1742480563999601 -0.8111951536361398 -0.2438477375612813 0.4839507663611637 -0.5536105539804885 -0.8509224269282748 -0.4661656693271016 0.2532416849968782
 0.1201338190256223 1.072342614749885 -0.3012385446350226 -0.1734715957235894 0.4548384347191788 -0.7230081198942375 0.1290184061738837 0.5122938704802887 -0.4701102987187023 -0.2678267364448064
 -0.01445428741266205 0.3219937990755958 -0.7415262207385258 0.4448909476406565 -0.5599822585390887 0.7271802773883267 -1.059269924784465 0.01171915832091504 0.3893258136764349 0.06453531717113734
 0.00363766081021144 -0.7486221207807581 -0.1487284283316166 -0.7907074977334942 0.8169984518978635 0.3151132572995309 0.02824344151033581 -0.2255038252000037 0.534301589930699 -1.172853177250399
 -0.062556565875155 0.9130774492199112 0.6423809815076985 -0.08109643287367317 -0.01326294775673501 0.8892743306935578 -0.08911082721459183 0.2576384414725052 -0.04240828193057099 -0.4290713138607967
 -1.055364867022083 -0.429873476167785 0.5681875319446711 0.02446336871796208 0.8862203138351633 0.6454878012827916 -0.01512075334861799 -1.324062069888745 0.6763677952869492 -0.3363326187836435
 -0.8288606695275815 -1.19457807055171 0.8814700324436012 -0.3218513553166832 -1.614419778862853 -1.11191093598248 0.6743995153969077 1.053360141393805 0.1618276226306526 1.512238770682674
 0.009016623634348298 -0.5847242086821806 0.7925576581944861 -0.9988244979073757 -0.6632619831475617 0.7300874380478222 -0.6319695603550539 -0.6384113864041863 -0.4205218365850036 1.097831353962428
 -0.03924267041693139 -0.01088875329161778 -1.032014240350855 0.009785137148692429 0.2436354613211488 -0.6207507339776757 -0.3186132952196856 -1.113539827238503 -0.6523704000380245 0.4826801751591603
 0.3435638203094849 -0.1560998147460643 0.1017299086075747 -0.4358407406399625 -0.7044224772266415 -0.5085236789605775 -0.334707036345133 -0.6646895197972179 1.001281679621306 -0.8486266920597393
 -0.7397315197996167 1.528806331538678 1.090759368220993 0.2922367165129555 -0.9011229306805055 -0.9691615504974811 -0.6666528905264018 -1.633839756042984 -0.1253677118509194 -1.487427899615565
 0.301112825590636 0.7728721926342882 -0.9715018757614913 -0.6488269865887236 -0.797674413485002 0.1735718530793462 0.1805935648645499 -0.5919439209527145 -0.2047277991821613 0.04905624765611878
 0.02273965711690734 0.3694328668705218 -0.6635535893327078 0.7739316158117597 -0.3264741770250202 -0.4052708261729832 -0.1199403159115511 0.3009144493437308 0.721606748407653 -0.1041314229205854
 0.5671269782395197 0.9772682873182051 -0.7498821545323254 -0.8096879217606401 0.5016462465421674 0.5348488143481281 0.2898072007161746 -0.3772675169416465 0.06470028207841572 0.3807100833726578
 0.7874919339188777 0.9784727598498435 0.6286825318749656 -0.2556722702001953 -1.093176405628955 1.696976154212659 -0.6077781936255335 -1.078186265138499 1.843114019899552 -1.190320680969275
 -0.6480427335565381 1.037563099733664 0.7705938369871176 -1.053686599299815 0.9016330761862913 -1.705538820790828 -0.3811098598382127 -0.9678695536082718 -2.000031321150354 0.7278338394579907
 0.3457017463666296 1.999647534561553 0.004775514170414219 -0.04465604727113672 -0.9174229917895961 -0.754074583222206 0.1883336456854187 0.8327525493846806 -0.7066778487747474 -1.721525968948842
 -0.4462227083678609 -0.3094150767955814 1.009113910711475 0.3630320394728984 -0.8235322547271864 0.5928526022088725 -0.5501528638103614 0.2849151004067663 -0.09144576671284016 -0.6318375486273965
 0.1954236769126459 -1.191589438925021 0.5260166695104984 -1.145128691340668 0.047792282177572 0.7990434379500913 -0.5172210472290143 0.3947168824907206 -0.2378569355602327 -0.08982264134647541
 -0.2428793736006765 0.1384420905057396 1.088652293496737 -0.0772836464407748 -0.05238246597991478 -0.3998716230538665 -0.5249037787789707 0.5696920575797783 -0.373055496824451 -1.152973252229061
 -0.2762649902347061 1.497232684735667 -1.065073853112499 -0.7740555302764214 0.08370640779070504 -1.754684429501306 0.2518244136018028 0.1708398487952995 1.041442817239074 0.4576180654278111
 -0.6510506367122106 0.6352540653244253 0.007151462011814272 0.8237114907182194 -0.1863377178025689 0.5198380446015305 0.1711543072251771 -0.9638136765192509 -2.264287499638982 1.733582889089031
 0.6523967641628325 -0.01791634647395688 0.3363507310978075 -0.1037618024372966 -0.1724874194907712 -0.5201508835066706 -0.2495351182536611 -1.063338991418794 -0.1048119557847997 -0.1730480845176929
 -0.8443302756142294 1.674008265808262 -0.5091266758657911 -1.695274841645179 0.1492263008930509 -1.290603089226754 -0.7313865279548749 2.040636984382719 0.8828405099255406 0.1271663599496478
 0.4692208497182796 -0.7945390535932282 -0.3198432265719754 -0.9208907953527202 0.5288527395488282 -0.03535601998403537 0.3167544884788071 -0.9187812327947519 -0.08105903352727789 -1.148647310241239
 0.8538392559472742 -1.111141306181037 -0.4532751405822391 -0.256527368298582 -0.1771889127273642 0.2999702511799518 -0.5469312574622112 1.021771871454982 -0.3480933629692186 0.6300798730517359
 -0.5593409248202298 -0.2655663892524505 -0.2343345436398146 0.1417470544076156 0.1154070777347152 -0.8106979889070248 0.493399452324175 -0.5455868798351967 0.5601237562889717 -0.710040174527053
 0.5583875075450857 0.8481834204069066 -0.8813445059928552 0.4802079186989601 -0.5178188514893914 0.5604709722042706 0.6895816854462133 -0.3521958063566188 -0.8208263965610987 -1.009993856084473
 0.8896290391608106 -0.5356639001303837 0.3088423886688621 -1.285951300561171 -0.00917265495775584 -1.360023559335096 0.7866161458430878 0.3548734580474083 -0.8281948715147781 0.4618897621630811
 0.205014625523272 0.4251238601548192 0.5163791872805167 -0.544700256660563 -0.7561605660274294 -0.5596196190285674 -0.09813344570825232 -0.1965463202637487 0.1242621644222789 -0.8793975467146371
 -0.7154193673526771 -1.462301168554594 1.070241983124891 0.03517967895955851 1.071430577614275 -1.570372161245296 0.4020602297048447 1.322831052403928 0.8357210418226527 -1.388947513587953
 -0.7660942739575535 0.1726605902655077 0.2334758512308771 0.6701680752070037 0.2793750303993096 1.013561624162651 -0.1091009929338849 -0.5217111663508913 0.6454156291422077 -1.395219160084735
 0.2484825221627788 0.945457009239313 0.4900782336269892 -0.3562817491683911 -1.333340938749393 -0.3089585242269499 -0.2987108580142724 -0.249518540617374 -0.4258843970417517 0.1379712188218073
 -0.2361968916841144 -0.9557634732061117 -0.1950539193852888 0.5627653411808192 0.33964599729093 0.1595063633071825 -0.5624148766352265 0.1017586444477298 -0.8262126423396492 -0.5154159745321233
 -0.3404781566747924 1.480352555380042 0.04753449879289871 -0.3167247918297895 -0.4310102326567103 0.2046369581338973 0.4772093567111901 -0.2291050972222414 1.128204917990467 0.05247872540916061
 0.475630223485179 -0.6244611570532657 -0.281508754190997 -0.2292280335031336 1.346073692295813 0.6224971078678981 0.3129707313826465 -1.220078620621648 0.9046226529599961 -0.3324768288631983
 -0.7004093347734413 -0.2089369875620763 -0.2848207354457477 -0.5495479139967454 -0.2979721920732118 1.857067290794758 -0.333700429428986 -0.4096016254709502 -0.9241827776670055 1.47554351860636
 0.8224591559284582 1.456802021547319 0.1306560068097032 -0.4044925329298533 -0.9156989551874936 -0.2275049021028291 0.358635707303823 -1.081188137087675 -0.716583243394986 -0.716005776406777
 0.7789209761085495 0.7317214901734215 -0.004876805055055319 -0.3216794728744399 -0.1901402240586507 0.651630472032088 -0.9298018955222175 0.330469475845271 -0.7337823927873928 -0.4495225575166725
 0.7835769578541126 -2.218803880705511 -0.7138941919013931 1.13414891447342 -1.757992619425934 1.795251226574534 0.7909259931013285 -0.2759457071943238 -1.155732418658805 -0.6747278196993951
 -0.9661256083568712 0.2658520205354373 -0.2358678764437065 -0.2826426443610038 -0.8716607811360867 -0.4453409085536426 0.4910752075299118 -0.1286292512969568 -0.3635797326107141 0.1964331323557555
 0.8615033631374498 -0.5501341987392119 1.314545075393529 -0.3690658112855798 0.1251006182550718 -0.1881199585747979 0.4149447397493273 -0.07639160100424718 -0.3485189918870756 -0.6694492622301039
 0.105435987216451 0.09530661168327352 0.1333062837728523 0.1291932194509149 0.04884832999616318 -0.03246172322951821 0.5094354507399185 -0.733702289225288 -0.8272032057656016 -0.3597252754207886
 -0.3677292169833788 0.01208729525249475 -0.8118519023940831 0.3285459958078605 -0.2981361822363945 0.8143405488846353 0.5648402470697954 -0.4201807486539375 -0.4038941205275564 0.08491396567446984
 0.04505936936644932 -0.377061851520496 -0.4032779865309128 0.593123063220854 -0.3702235521029942 -0.4699122113019928 -0.3027122686753017 0.318171976877811 1.396590860932597 -0.8970873814202709
 0.7986837616643915 0.8524057579032239 -0.638013753531955 0.6875029983352998 -0.5188321758794908 0.3255424421115772 0.4347325945407176 -0.2051232590756312 -0.826560515813979 0.05188395568325258
 0.5104009595725882 -0.5798174990570937 -0.2428474827155724 -0.4497695177885309 -0.3747550647777551 -0.03529296724524503 0.6294361409433795 -0.558219178195857 -0.8110041294863997 -0.5284407106992088
 -0.06394067159093157 0.09574382548459617 -0.4619879012712482 0.3081996863531054 0.09620916157805494 -0.2682773312257225 -1.068360331806216 -0.4875924540087899 0.4220654252822797 1.157271575662667
 0.3937770451981283 0.8091547735017663 -1.674548274154812 -0.55569516532675 1.396977119936821 0.5425092980952199 0.3236227261202739 0.8771934225825271 -0.6924532936064323 -0.6175356294256776
 -0.007811422194083859 0.374531567113385 -0.1331715101858592 0.8869877732262653 -1.368025593613139 -0.3662080343539091 1.039050391431109 -0.8317155199971233 0.02206508664606694 0.8863470717589914
 -0.3384991675763652 0.3506980299780038 -0.6546592745544434 -1.48524248325663 0.2022294464532579 0.01745063824653433 -0.9022728071586099 -0.8559900299566547 -0.9582120559061802 0.4423326619725832
 0.2741352218446075 0.3862841754641482 0.3603257792882637 -0.451372446841775 0.9372601566976305 0.5752655956143745 -0.3113766371659707 -0.361321981157903 0.02620955577509726 0.1105652752206022
 -0.6280393557874056 1.461218845520438 0.3506528677731467 -0.07347611847131875 1.2664184501851 -1.221695678802865 -0.1342477781505087 -0.9873207081999935 -0.5496321495724288 -0.1592502623028243
 -0.3416466189372138 -1.548322309584965 -0.4636176973479296 0.03249232171195943 0.78883112110249 -0.2109899103550692 0.8088241940959583 0.7008406205490817 -0.2607615908962955 -0.2986666553577458
 -0.07835345908903986 -1.024198549568622 0.7159301308757327 1.288918441169351 -0.6993945356765952 -1.132463513056713 0.342439015715897 -0.550197248544106 0.568043870755041 1.514637363698405
 0.6880293262782007 -0.9799305636399039 -0.4965370930239173 1.128689463845689 -0.9472998251991092 0.3383427718998547 -0.2419608903137143 -0.008079094225246155 -1.274151203787446 0.2286201149773492
 0.85260429157032 1.236531211997867 -0.7026458836424162 0.7886695369422091 0.2683494337254913 -1.481424740056528 -0.3700759592070136 -0.2591988393749363 -0.02088953140013977 1.101207239415269
 -0.2550783448382836 -0.9287280185204568 -1.227172066687065 -0.7166635374307452 0.9635176973110051 0.6997203532339793 -0.09900886371360046 0.9022645103309259 0.9163610136138745 -0.1789220612002761
 -1.060820560765699 -0.5577811013542348 -0.2061794639561215 -1.282895931909796 -0.383370007687949 -1.076179541596834 0.2197211285207699 1.612544127269335 0.9634936727424631 0.02350880830198766
 -0.1082242194871419 1.907841700802669 -1.240192907191994 -0.6365783130509551 -0.5081870150446213 0.2167602604324119 0.2865504074106878 1.116660228581813 -0.2007956036481753 -0.7279397108578562
 0.9211108975480616 0.2308649650552401 -0.2803364650440897 -0.3982461209582864 -0.2018561694503284 0.9635707121670402 0.3334693440460075 1.163377973707304 0.5231321572703217 0.006501494611875888
 0.00503163899827316 -0.9286887507693263 0.1782760579114484 -0.02410073991076088 -0.7406911175205341 -1.690701788493568 -0.2276666083680741 -0.4460366525845105 0.8043432478457454 1.447666175771778
 0.2616666939509632 -1.98858996231625 0.3284758759596658 1.398772699017809 -0.2517205803584101 -0.7031466062074007 0.4947436642912241 -0.4999044242832021 -1.646043371537992 -0.1692273807871217
 0.4771715615947281 -0.3195440868283386 -0.03948261685767276 -0.5777053327180351 0.001866793446436949 0.553429478953297 -1.084014220208825 0.4673841623903925 -0.7303879164499421 -0.6316264967322047
 0.87370892419725 -0.0197046110273777 -0.1939981614181624 0.3936973476624703 0.4124403142519925 0.6875461456112008 0.5585480814845937 1.237459194993216 0.01777407757641489 -0.345409754125443
 -0.3203470200168662 0.4080259209415097 0.640075083006322 -0.788212495094833 0.02208129530891296 -1.375798212185696 0.1459221922496625 1.331559644780275 -1.17118716687203 0.02795796362689354
 0.1252937984332124 -0.4791592362676448 -0.4427139119394825 -0.8202010597313883 -0.007547812125631341 0.7356359215076954 -0.03044187052147412 -0.978654268713553 -0.8888722154995156 -0.03077038425735846
 -0.05815119946947278 -0.9932318481180128 0.0930343788821261 0.6555020566881238 -0.8627243450347298 -0.958717270780918 1.063647489002915 -0.01959461062586794 -0.1801029841966967 -0.240785896372318
 -0.9575724810199601 -0.7089741787320694 -1.098038061428026 -0.08557466381234657 -0.2584120268952622 0.6740830544218279 0.3670938715099289 -1.230142641647742 0.9744257563941268 0.3424642561946729
 0.7948760851683301 -0.3409143277650844 0.9185951575939107 -0.9132784690964997 0.4195195888023477 -0.9773615081012171 -0.5681544428566871 -0.7586562343349068 0.3212053944028302 -0.3082340250710177
 0.2369555240066676 -0.4142711981002017 0.5486189006621234 -0.2970974068508152 0.7233484811978655 1.204553765964567 0.03997031890068395 -0.7472734687410292 0.4957674448457712 -0.8223453964943382
 -0.001199727098367217 -0.2620786091633151 -0.4287006040881216 0.06408643588603956 -0.5304973479760378 0.6605584817082035 -0.571639950491905 0.1631405603627493 -0.2980601433519754 1.060317856101319
 -0.08162110602421946 0.3132499934400925 0.7908549148067114 -0.748546090822542 -0.3168365429127202 -0.1376903152050254 0.2978922941322552 0.6793623473942225 -1.043179519254416 0.6138117933049145
 0.1495292081627937 2.36193574384735 -0.378231719601758 -0.7264446556274238 0.1621381514012916 1.622481957035821 0.5334789443880484 -1.536732109965733 -0.9731655539706418 -0.7954946626680922
 0.4253538746812604 -1.313714507327671 1.102706990331066 -0.003405791487508727 -0.8312059780256885 -0.3288799424405342 0.4671829478711643 -1.592467263377989 -0.888704286602807 -0.6388949988902214
 0.793285178218688 0.2705508423985996 -1.168148169117045 -0.1013343833279072 -0.9719212003742796 -0.3643211012358485 -0.3386230461820971 -0.1707114230639204 0.5357414045974846 0.3331179649235855
 -1.0139353055105 -0.7888078002298381 0.6380785730697821 1.34098587408273 0.7918139934521995 -0.7994761913319431 -0.678135527408938 -1.468092384974335 0.1123117888731672 -0.6367006519212686
 -0.02948641528299846 0.29501923783509 -1.036082084791922 0.6154446004834474 -0.08433893321579974 -0.3890369639356794 0.9632787743917158 -1.028517297230432 -0.8609495587376605 0.6390120074706497
 -0.2725368364849607 -1.13798082910941 -0.30361889266725 -0.2816112541551243 -0.7717669653888447 -0.4333581485499474 -0.05959843568966457 0.9859110227411385 1.394474488520522 1.490186315341036
 0.5802565005426065 0.8365069812501975 -0.4528394163902895 -0.4544164749996745 0.2741718680614467 0.7388541203144344 0.009431116433588333 -0.665440059048331 -1.324911178704224 1.261482554201254
 -0.9331873235842046 0.4622740482377158 0.1505029593756282 0.5931980820673308 -1.111330420031138 -0.9056312436820112 -0.623326911065571 -0.8344959760422758 0.7621590861359987 -0.5166131980203618
 -0.7222120226319677 -0.7632789717088331 -0.7675598284845432 -0.1685519105653426 0.3022243308089578 0.3532966244249763 -0.2085146683319789 -0.4788236754807425 -0.4432327577633098 -0.5092432849198958
 -0.5700072919773094 -0.5474354586104635 -0.04999852482892013 0.2554269709233921 1.129808168974923 -0.7516556317536491 -0.6917756531159999 0.5763312755668731 -0.5777402518412316 -0.9501147557398781
 -0.2936256114128325 -0.8756706928252683 -0.6856566444608441 -0.2153263409414221 -0.2766506110827572 0.04154116379999251 -0.6741302128623513 0.2296788016968435 -0.8374415043174891 0.399891437673082
 0.2121432309661368 -1.275966276056292 0.7320225228224293 1.301247899808183 -0.4635215328034135 -0.01945797985219943 0.6837224954544168 1.804411878098462 0.6019067723707165 -1.65149388804071
 -0.1912015356065507 0.9278541253533727 0.1176799817426796 0.8969752457605933 0.5021849816710801 0.2464214022429568 0.02656172310301319 -0.5014144820573661 0.4939059890596869 -0.7512080426171399


