# Created by Octave 3.8.1, Wed Oct 28 10:17:00 2015 COT <hpc@arwen>
# name: w_1
# type: matrix
# rows: 301
# columns: 10
 0.3107921639070595 0.5455081669801424 -0.5291915266464585 -0.337982870154573 0.3875067850558202 -1.015035794504134 -0.4260960027666377 0.0453517635126752 -0.3714995103231938 -0.9507729432500787
 0.6315016062233325 0.7010664642020759 0.9747327608389269 -0.4903714994101782 0.2749313930557854 -0.4698115623148694 -0.7512645556638078 -1.133322076816911 -1.125633344561998 0.6764646459247931
 0.488352470379768 -0.2667947812526391 -0.1654919580568566 0.2163625492581052 -0.2339068511746689 -0.1389442783654166 -0.3265408089250408 0.2685287105836642 0.1777830935869082 0.7768886497995475
 0.538022558503172 -0.6631774952365048 -0.3238267248129426 1.01236143839951 -0.2375658244886973 -0.1807107593802513 -0.5438958686019221 0.6249735824121239 0.03264013724796688 -0.3101608161266499
 0.3980348473055542 0.6957124042447819 0.3112220257041504 -0.8792442442542044 -0.6991052462019953 -0.4297407905550087 0.1656134792973237 -0.6982778926604024 1.059075163556644 0.3921269493506869
 0.6988556052990829 -1.286946264346127 0.04338539903821059 -0.6752744834301317 0.8546329157511428 -0.07397424602086478 0.03983479536693944 -0.3962638803528987 -0.9614467752265003 0.1986782707924115
 0.4716702740668721 -1.645740369651206 0.3944521584153055 -0.1748919298095909 -0.9897332331983002 -0.2662067991121965 0.6456871346322679 1.740952708996961 -1.957275270397961 0.6073833635694573
 -0.8660715306155792 -0.2633347769661675 0.3109513968078478 0.1925462470418794 -1.014895072979882 -0.4584238622034531 0.4382899946532846 0.3255619300051348 -0.5900264582408202 0.611041874214072
 -0.1365665147729676 0.8803402387008015 0.06276141034926 -0.09763070000647649 -0.6011957524361573 -0.3753614717797465 -0.9034979274657607 -0.2599726149443359 -0.5310215361660128 -0.1665293821628178
 0.792245752602487 0.1392845971167272 -0.3310310135531078 1.112819500558739 0.794181939543634 -1.161736306014008 0.1546960924362186 1.454002796734381 0.4135109079677191 -1.056824044352149
 -0.7860621857593378 0.5895664373579238 -0.3256700017397491 0.1999588564786454 0.2915663476427642 0.008688600826773323 0.7134605292242922 -0.1179129899585747 0.7348109977135627 -0.1162964859407256
 0.2649282051448797 -0.007420089968119045 0.3328344118412218 -0.01142411509895124 -0.162012750212512 -0.4355423257046103 -0.5580594851378349 0.2714276609048336 -0.04072510335469004 0.2631322673454581
 -0.1331159666307085 0.7553432038634219 0.1195970740392739 -0.4494110287856189 0.4597484697135581 0.1190823207908136 0.4842368441775294 -1.01622256811213 0.3495024379671135 -0.5513464227776456
 -0.8602292402930681 0.6332096754790345 0.3036050521267555 0.4624498606356107 -0.5017390763780785 -0.5653341620518773 -0.1791438337551959 0.5282219172402506 -0.9621987210963635 0.7151776232390721
 -0.7164311106772143 0.4634935426419793 0.3048991643364796 -0.180959964236255 0.6549493069032339 -0.8520686997483938 -0.775386387903403 0.0237919119618462 -0.2853911748117962 -0.919553779131464
 -0.01682096607850553 0.657396744302824 0.6528881958309045 -0.5109954601641394 -0.2521294262097944 -0.6934485107589121 -0.2966841820927961 0.8985805199384617 0.9752927550839535 -1.308045036150253
 -1.093888439714357 0.7606769199984685 -0.9846769893797259 -0.05738504125316466 -0.8148436013870487 0.1724498053951115 -0.3496348997481223 -0.2842669498957708 0.683205334577391 0.6647128349984107
 -0.1069376210253176 -0.09958155305769462 -0.4763672871811472 0.3522695163641559 -0.1517138303884985 -0.431151151968737 -0.7112013806717581 -0.03180967883959664 0.9050689668804861 -0.7508177988538413
 0.008548985747452213 0.3681427494566455 -0.3149464569053216 -0.3061495921291443 -0.1471491992520919 -0.4028458708314947 -0.6313519676085555 -0.2924416588009687 -0.416231356570456 1.20589237951935
 -0.9472905897456979 -0.2154201192744032 0.598539291735861 0.4167136225213532 -0.5820681822526613 -0.002143626092654363 0.6693799993955819 0.4612688256425275 0.06267772420271271 0.08476618430252393
 -0.319425023131233 -0.06970471494387259 0.4242457200830727 1.004733825297225 0.7996913920637645 -1.156401884260261 0.5181102260637822 -0.6111171716984637 0.04439869917943658 -0.8848282377456677
 0.1146610591475979 0.1529725472541562 0.3748552680812283 -0.03771639251135979 -0.7939321084521833 -0.9617205629628609 0.6536791287808725 -1.012091569941377 0.6136193120206587 -0.9746694086409032
 0.4636554317839194 -0.03261413491671505 -0.5145126834487747 1.120617374364997 -0.356000096287082 -0.5971647586796982 0.3461964255381526 -0.2464769666753071 0.4658929024206533 0.1778343406814074
 -1.001461606047809 0.3804756809147557 0.09163892504210568 -0.8652977854856414 -0.1615411877759922 -0.2843705131778315 0.354670513134139 0.611293424377498 0.6460500843116301 -1.191706132392414
 -0.9209786804763649 0.002868596925279082 0.7738710782319682 0.007942939850174869 -0.1554838690999567 0.1353307556358318 -0.5457578177146089 0.7466576964331104 -0.31450433499255 0.2742344127470868
 -0.5081514113571248 -1.91071097635794 0.4180837735895863 0.4397196816361726 0.9283380557929943 -0.9037011850564127 0.7767274511216351 -0.4534906095114551 0.6062390686670579 -0.2042398073231868
 -0.7084904572837939 0.1852933919314721 0.2882799383284728 -1.01963934703791 0.129415374242265 0.9068501919674032 0.1494315834597874 -0.1940950396320491 0.2969492802981479 0.5099603517102248
 0.2527630805466931 -1.05197198869953 0.5697501281997561 -0.06155146467033466 -0.5623943991042477 -0.05334504822066049 0.8084374621040484 0.4128179281793036 0.7788911792029755 -0.4397684139115546
 -0.4965893611709676 -0.6403245926844805 0.3940723146218368 0.08383055635783726 0.8295272633689257 0.3418782277498066 0.5618296138617261 0.2170689885171778 0.1961847947991715 0.2930807603831951
 0.3545005581711297 -0.6424556683811169 1.036200902591534 0.610551416737878 0.2324461992878252 -0.9329768359660816 0.2625179193608337 0.0327705942522591 -0.3072817043977887 0.3792953111629518
 -0.8359257770468133 -0.978162812340116 1.086125805760646 -0.6993321508583163 -0.1939924503677324 -0.5533493076448076 -0.6155606239430033 -0.8613389372742217 0.524156674524747 0.2186313330219204
 -0.07229080692851461 -0.6363021637254203 -0.7468008591519246 -0.3187001770326747 -0.4831720401907894 0.1641144713394131 -0.6585807519007375 0.5807156960112048 0.4505161831201123 -0.7382711570311898
 0.1403281700728372 -1.115864665325824 0.4278193829010831 -0.4290859352490428 0.992899228231646 -0.4451652545210337 0.7889054238227473 0.8593811824031421 0.4399916445999896 -0.8206496727026591
 0.1360745443259616 0.4260221968642146 -0.9758909309350844 -0.2387678593187734 -0.2916696131885211 0.6032580790485926 -0.8125442670138822 -0.5198161142309123 -0.165398199709317 -0.1217012005504434
 0.7159059855854434 0.5086725913028041 -0.7496830523647535 -0.3267309197019251 -0.8192874451881885 0.4938774890134669 -0.1322648500546678 -0.05030676982684648 -0.1167154276374234 -0.03626697179564514
 -0.05562616661063684 0.7081310220257647 -0.8513511185232532 0.2208188244062378 0.02340147092506106 -0.8350290551126298 0.3728932561473529 -0.4066027789629824 0.7239089893307551 0.7995703835076261
 -0.7022778094289142 -0.4997000578329727 -0.195793774886737 0.1411211777297377 -0.5813308038347841 -0.9780419318638628 0.7203195620513261 1.017462407247758 0.9118365730312737 -0.5565586491134955
 -0.3754575284788746 0.2800580156898633 -0.1713345799885795 0.6325813736755258 -0.1035821291344189 0.0767172421184508 -0.1731904902539198 -0.296316306048576 -0.9533933610049251 -0.7195093554817714
 -0.1338130595852267 -0.9786542218715544 0.7485286614699946 0.5869133669302941 -0.4077053536237394 -0.8156213529893607 -0.9239314418596593 0.3485855646449668 0.5935891444532673 -0.5089134057902953
 0.2790863232083917 0.07962947887647531 -0.4403929351847241 0.2034502895623174 0.1221848186666583 1.294762879785509 -0.9151847818413523 -0.1003559225241204 0.9185555061797814 -1.636809571151966
 -0.2136997436929786 -0.1174601674562675 -0.05035290581224958 0.3711208687672042 0.604245731519916 -1.463950752748046 0.5451357657881613 -1.549767771859495 -0.08596775042812213 -1.570059184901213
 0.5867917950229928 0.2564718860848299 -0.2306758796623393 -0.1585376202619007 -0.3273419369943559 -0.7913242226766989 0.7210602856400691 0.8545984672402483 0.851023644221982 -0.6209052613634496
 -0.770895639343104 -0.7356010175183633 0.5230901493248212 0.8560606886561507 1.057919548940024 -0.6357573187624186 0.3213878873948664 -0.5542147380185645 -1.225665776907797 1.137131966546165
 0.02063267804768736 1.572413172111263 -0.3133004733662199 -0.4663072642205327 0.0738528387578941 0.2680672912178311 -0.7937516812887333 1.02526127700093 0.06673753971431422 -0.7331845404167118
 0.3036267648127617 -0.2348104696247771 0.7955110475430289 0.4307739525397629 0.6113692359163374 -0.7771068447225505 -0.5192034785972538 -0.763798874052143 0.4179108758154114 -0.7322385924884608
 -0.7160061015003502 -0.3300920726900489 0.2045142435758736 0.2488977222340237 0.9594159143424872 1.247490683470938 0.8511097454303538 -0.4496144250178549 -0.5643118966605654 -0.8451568722131755
 0.2061227440925234 -0.5548759796569941 -0.2952453967398168 -0.7649881802539892 0.9040421416409958 0.3162132218676058 0.4684611484425431 0.689734902575951 -1.132135623411945 0.1728761848564035
 -0.3486097416330118 -0.8058803972816992 -0.5651068945531971 0.5992497363465935 -0.4861797357969756 0.1367160592256429 0.9093237018723506 0.4705637400696258 0.01720510182783786 -0.8189782960053413
 -0.884648793345556 0.662351395876324 -0.6076164414543958 -0.5774262687804661 0.807073372288616 0.3863332453566659 -0.7334476425389085 -0.4525887766291676 -0.1321217004151045 0.1509633529580619
 0.5641059688039867 -0.7911244775669325 0.5267415535897675 -1.285305164190962 -0.7049002652422363 0.9438518362388506 -0.4642438423918194 -0.7427035975023142 0.4984211809339587 0.9373282257310149
 0.4789470243236039 -0.5162007779604033 0.7331181136503196 0.4974306210104927 -0.8683840954408835 -0.6116450834943374 -0.3742902611271002 -0.6316590998556582 -0.4849759020055289 -0.07555027872837344
 0.2090342518918324 0.5672846152669999 0.3132091143943977 -1.320638558020999 -0.7442341883898458 -0.3047353278365971 0.9551770711134925 0.2029786264994723 -0.7088249080891377 -0.9053643708105151
 -0.1271909053528287 -0.9814061659447015 0.8858306798887916 -0.2287459436303196 -0.2470126895157984 -0.9606306211855188 -0.2941993973315812 -0.2506948107936711 1.377225616215352 0.5705353104676143
 0.6445178526913565 1.123468210318538 0.3488870658728989 -0.4572866225926398 0.6991841055518947 -0.1945606979380071 -0.2934683434012096 -0.9042474294838664 0.4020640241091623 0.4890432291970945
 -0.9075203503291213 -0.8077556064606167 -0.4317757742668675 0.5497888683723942 -0.02596508636999617 0.0216582969138928 0.8554867988268297 0.1027268752727712 0.2508240792677403 0.2974861891846381
 -0.9893683180394707 0.1565132565184507 0.3999510823575635 -0.07375204615598936 0.8948096507741733 0.9960261424718853 0.9238641544214644 0.09460968299457413 -0.6379499256936849 -1.939854550540491
 0.4238044070561139 0.7589171360563702 -0.009596157352112427 0.07691128860435738 -0.08815660650231359 -0.2911093486924437 0.2069127987332658 0.2204770266264182 -0.528717072672635 -0.4070373506014261
 -0.4836044921560169 0.5496833859731518 0.4800297437541088 0.5489634503836498 -0.4014774688412533 0.65765903781223 0.2540509677796212 -0.1514608156978522 -0.2336707445895178 -0.8309726066199011
 -0.061442472683448 -0.4305160886098892 -0.435121124680985 -0.8086103329431746 -0.8479958356620569 -0.9459153031507055 -0.445777987458966 0.5607991468643529 -0.06757497523900727 -0.5486056412410698
 0.5300096260170671 0.4631075442803419 -0.5982830809793225 0.6773127882853398 -0.5228881842870088 0.3715742264553617 -0.4848353238202926 1.023872193640608 0.8312102954838747 -0.2603675772480616
 0.5401584424921614 1.23520207099697 -0.8508883769000453 0.1753179428565704 -1.106100250090947 0.3785012026975652 -0.5032005663549679 -0.3594237513290549 -1.284403498094644 1.47100842467086
 0.7611144474540527 0.16106987875073 -0.6526276503081903 0.3412374055315017 -0.4662036935186691 -0.2048743515687143 -0.8248339832396376 0.7147676029420618 -0.1329544913864129 0.9366955231594936
 0.588256600134613 -1.159912236611113 0.2049454468352948 0.4089144504120361 -0.03544396769407094 0.2636064444776723 0.3128887986962703 -0.8936193898212096 0.6928426042524699 0.4616128832204849
 -0.128820854207629 -1.187298091637293 -0.4648143395139098 0.02654563923166436 -1.061124606580786 0.6330958306262934 0.8231329117053549 1.204550672527667 0.669096472021379 1.344585161029293
 0.6004806592735842 0.9836404136633156 0.7567796706783203 0.1464608988826608 0.1507552492252303 -0.04419297298828295 0.5907201914780396 0.2610450928283615 -0.2239901378638278 -0.8265723524816776
 0.3108221616488968 -0.5321146670961368 0.6071973307481568 -0.5177100451684311 1.412126866739264 -0.5235794063107184 -0.3377160886493983 -1.369692083258975 0.07383617195482738 0.5438248090876991
 0.116944853207001 1.254913024027819 0.2765460679537517 -1.311355724401647 0.4238773896407285 0.2961565900954355 -0.3006568492699825 0.06581346181961878 -0.2344941262560361 -1.372141414229242
 0.736401061206956 -0.2587225017308052 0.5319377661047576 0.3169160228897041 0.04143250544651175 0.661560104595555 0.1257326840773519 0.3544322851571421 -1.038567320837753 -0.2296460326107648
 0.09538004443909631 -0.2388534544036933 -0.2724351330333364 -1.102744928371939 -0.5313930724406187 0.04116370339589204 -0.6619213779296325 -0.314133272799669 -0.05891989783975118 0.3522700749518555
 0.7607468466642634 0.2766012596918824 -0.315226477081195 -0.2304731335042998 -0.8653103791064505 -0.9613869286997033 -0.734844750857044 0.5646024755043664 -0.5857780904219432 -0.04140842035282191
 -0.06042747646011817 0.07199909276072838 0.146915544007573 -0.5319577652357249 0.3027800098617674 -0.1459679569880259 0.238503845034196 1.027347928560968 -0.7655393522041783 0.8023358893898536
 0.03775061661197528 0.2484370493682512 0.3602608327994017 0.1141526215170732 -0.7362711407777502 0.7798011309140772 -0.4069480959322282 -0.7877229848880607 -0.3047487397243837 0.7254156336746467
 0.8028894162060805 -0.2650683957307594 -1.042418159736827 0.1813523662161469 0.2809549718562391 -0.9798379976693289 0.7947423623227119 -0.7532089967689924 0.08576364380022507 0.2539755552111757
 0.0181280446115971 1.369155182054491 -0.2609056997029338 -0.07750459889847278 0.6627811535085195 0.05246343137429801 -0.7515844467036229 0.4325292102534457 -0.2223732142365903 1.378357318229229
 0.4277351922506661 0.5238550415332603 0.5361452823765925 0.1994252654301276 -0.6892149727933548 -0.2230149455970356 0.4818654418652172 -0.6039559428545597 -0.9900597516893525 0.2308357100667082
 0.4750256971150905 -0.7521649444704323 0.9745488540428666 0.2514952867446572 -0.497179537494048 -0.2315989510834958 0.6578685813161372 -0.8398855314068282 0.07216539151214635 0.7700092396865509
 0.108208983705288 -0.3318895712953969 -0.5127721328399911 0.2040902454702222 -0.7496643814826053 -0.03346902429195927 -0.6506987858232498 0.2913785666365121 0.7384609307480923 -0.4699004284394523
 0.7384650386819147 0.1710734198296467 0.2198031293067123 -0.4697064804768661 0.728568836205546 0.7933286171906035 -0.8775766901866997 -0.6575290917787512 -0.5986900617852388 0.3048701346793731
 -0.7925746748481023 -0.02790422326805126 -0.6835969948432072 0.1164390291254862 0.2589706067647236 -0.2094915840457714 -0.290374754506499 0.2302299815194231 -0.1139869194816433 -0.5523002951576979
 0.295235640574081 0.8711878073954925 0.7210777039918949 0.9152534664404989 -0.1755639152664672 0.8147827694841191 -0.670022625077518 0.6841765258318467 -0.7281693733639879 -1.206788488630683
 -0.5974900374912657 -0.6991543547822365 -0.286241936414677 -0.2534516670620041 -0.4038465939411357 0.2620901359548986 -0.494744097193464 -0.1185400941861087 0.2642440444041372 -1.031339940396395
 0.1520269051744058 1.894821910167258 -0.8133371564970616 -0.5504456179923193 1.035774212766097 -0.6771494252288663 -0.7716238964327472 1.228206948086813 -1.710036362859997 0.2959436238230895
 -0.4553736813457023 -0.9682484586547633 0.1296169731695964 -0.08038928416807288 -0.6600642182097097 0.1578340765045049 -0.9031354021145676 -0.3758852478814285 -0.1496962674968854 0.4004811850592439
 -0.9933221876655148 0.9704942547553544 0.0740745214987328 -0.4450898514201444 -0.08299270647925179 0.2813671654049452 -0.01148846485135325 0.3142704074124639 -0.8436722834834147 0.6058842071699824
 0.8007055154515815 0.3353469108349685 -0.4554717760649977 -0.7979827582553386 0.6848499695615934 -0.2624541825644194 0.431036726395307 -0.7657837927730388 0.2013872230665175 -0.09479649852542323
 -0.8105659545459745 -0.5876445167913754 -0.648952273619339 0.1040175788256768 0.2670266265594775 0.1763416472368119 -0.6788703390866065 0.1035088296769555 -0.8381724326358572 -0.1464738190361934
 -0.6925591662422617 -0.3953264714460938 -1.097261040668921 -0.4242514607535655 0.6585776166306105 -0.6558361732666402 0.4350996745034955 0.5879242556845541 -0.001758650592952652 0.09665366822157732
 -0.1572483171463251 0.4483518755338889 -0.2361908085751016 -0.4577421916782946 0.9270539318826282 -1.068814462335431 0.8293907082537501 -0.6655731562169369 -0.2056574058272501 -0.483167909067845
 -0.4233658346589398 -0.3768550555274786 0.1919001715342769 0.4709595631654287 0.1165681274736725 -0.7454519887142216 0.337020206738628 -0.5877568801885863 1.39780977572877 -0.1507212321471331
 -0.1393885236941071 0.5004170918162351 0.6627190963199899 0.2418749219140418 -0.4996455769865428 -0.1407198014960539 -0.5166757200332974 0.2305354600234099 -0.6537557730949752 -0.1378529002695171
 -0.01643875034807703 -0.005006889476510057 -0.7425231411791622 -0.111756055284161 -0.07134517913018686 0.496021361596608 0.4548066956382251 0.7954360635645393 -0.3504846526259474 -0.619567622738223
 0.3419669083803419 0.3430584989987537 0.7102037369340281 -0.7469911993658722 0.689763061462762 0.007057224580148036 0.5748200147279507 -0.4526074996702195 -0.4664959133521876 -0.3924854255614619
 0.2423477721099244 -1.482544700249449 -0.4456489717635588 0.6173666992901924 -0.6567988420464272 -0.8557328093561303 -0.4076454946418398 -0.1681224598204453 0.9368661235588955 0.04866438763357846
 -0.1891837385314408 -0.8593886410871697 0.4806607109657734 0.7357145966709837 0.6214910993179977 -0.1042704445052862 -0.01098291583429671 -0.2933173777415559 -0.0943980449496666 0.8038355844010715
 0.9846162028363136 -0.4013843256554464 0.5867520827779972 -0.2894043133473102 -0.7360921408164408 0.03625519583145644 -0.1831394426989025 0.654793798843161 -0.9466617967859983 -0.2229244626961552
 0.7992819350023568 -0.6758220230752411 -0.1837826942148294 0.3804740382473647 0.50442685886466 0.5275612831300813 -0.4686525208991981 -0.8118982512225372 -0.6545036660921048 0.7097293587452586
 0.1566164069376902 -1.029921763568433 -0.6626355797101732 0.7131184207126442 0.0384687630783998 -0.845362304979887 0.5254236199501476 -0.2591188192269162 1.065577342969502 -0.2336860916809262
 0.6024907976807735 -0.3480929080079633 0.4694375986501034 0.8288537774888004 0.4697136044058933 -0.2200254381363509 0.7328133816347845 -0.7177974328614261 -0.7929366968929369 -0.6511035104195504
 -0.1223434243546958 -0.5701600022238374 -0.3443492173124414 -0.6598971536371487 -0.3187621805020139 -0.7286749693158392 0.637110337048214 0.4707070483440071 -0.8773911894855018 0.3844748353828111
 -0.216111329098681 -0.4991845469769018 0.3869938858782744 -0.1925126216337202 -0.6643064663468047 0.3124339452918978 0.4320810969191488 0.1565736761982726 -0.7788292946093626 -0.8424587874605818
 0.5549116784900563 0.8990725606725859 -0.2496958373252751 0.4713741113990523 0.5510985082930271 0.9396189451746533 -0.8360665790104633 0.2383387240448238 0.663124438479557 -1.312952683432288
 -0.3686682227495091 -0.6040608156935466 0.4036260336722019 0.02671037119008083 0.89214966110907 -0.5677133984188817 0.2483590648374525 -1.197955523729192 0.5496570862378242 -0.7221141882906396
 0.09495814071282681 -0.4946660666759153 0.03909724282731664 -1.37521027108655 0.9361430144130958 0.7975044577305869 -0.7620575684132703 -0.4219155052030564 -0.2183085910324345 -1.472408238090286
 -0.5618045334371972 -0.1996691215352063 -0.3161989457222305 -0.9413470683809089 -0.9307665938089021 -0.2357243343020086 0.7024339874263416 -0.01670052962911997 0.6683378491706354 -1.03861094306472
 0.8916641779390028 -0.9192468116409102 0.1501084073950656 -0.5600836947526873 0.05429566229202411 1.023261725441438 -0.07788864471084243 -0.5431375389238079 0.1076756780794089 -0.5240134474557879
 -0.3459617025531593 -0.004786510213681507 0.4827960947677457 0.572975029751762 -0.5465539543056067 -0.5142530313476812 -0.3234413607617682 -0.8876097951478754 0.4217901175621326 0.147481498606227
 0.3741240207487532 -0.6244693909343261 0.429654965977261 0.178952562607048 0.5607204770622375 -0.388745619004326 0.6394188867402022 -0.5372462879801821 -0.6576090730928011 0.5521312589164461
 -0.6208526478984515 0.2964886948239795 -0.277050256355726 0.484339814409024 -0.1232363979158372 0.9147581251395258 -0.3175254484539013 -0.05457747306053403 0.3446450872942133 -0.6846596734229486
 -0.4031356681686101 0.227652220912034 -0.1698653309008177 -0.3136656026273795 -0.03679839503060719 0.4911264508766829 -0.2747717170072775 -0.4366011386664639 -0.2051391537111867 0.5430294810829908
 -0.835877050948726 -0.3568576979787742 -0.3047333022654387 -0.6836636173373274 -0.3987741442431973 0.8534606330935741 0.5798250999512463 0.944246697404152 0.5597449650242434 -1.387252180837119
 -0.5729717523134786 -0.1176057042439017 -0.3362152169530955 0.9851514608568605 -0.5443455943366661 0.427216196311113 0.958536878093925 0.4011767224619974 -0.9688249350331964 0.6870204951932293
 0.2073302682484738 -0.2673837334011956 -0.184568212138051 0.7696806886486236 -0.6114194441889103 0.6819154275584426 0.1451568100642801 -0.201181134415482 -0.0861197473964944 -0.5197852292946793
 0.1935922274628238 -0.1559592287475618 -0.001734479943575815 0.1030047154211923 -0.02300531677501999 1.02562925080137 -0.2132619956937286 0.3840353275563936 1.068432051311636 0.1890649711942764
 0.5147894550900531 -0.3627466025130651 -0.7609470326055781 0.02836909699722556 -0.5202820873660531 0.959402147342605 0.7570739438462626 1.422850875157646 0.1650211213546037 -1.351100514168915
 0.4199730056579328 -0.7796770826417367 0.6138013296513748 0.1195941035952967 -0.1623529206065987 -0.6148116601792241 0.9481922505741063 -0.2852447386891632 0.6679805273379621 0.8428352671924215
 -0.2368270754206012 -0.6221040160250977 -0.085885033998978 0.08643925314807613 -0.1856802548317361 -0.7179961625801292 0.3416572900780905 0.2168884097772711 -0.3449209586081571 -0.5551098621078175
 -0.6139279537124419 -0.538339181339403 0.2050427183024189 0.3950643964622417 -0.2639654517270264 -0.4794385666785059 0.9052938266799415 -0.01041594083682696 0.6410759141752826 -0.8480104839432887
 0.8671173908577874 -0.3185226315102364 -0.3725958344252566 -0.8654576439054312 -0.9366375777704664 0.5841300914728873 -0.6329612324909165 0.2649287708785875 0.6823341322218348 -0.8122839023051226
 -0.4906437224190113 -0.779155404609755 0.5705501430726193 -1.648171360946936 1.123168549760284 0.2165935908117048 0.7584583976287972 1.598611737229251 -1.837069016507686 0.1589939106629237
 -0.4183634300101265 -0.7330540155786294 0.3842778975104073 -0.4791005149141069 -0.7305587586171683 0.03682030562440484 -0.5724000813402614 0.2400522539780192 -0.01361757549256233 0.7406208380218396
 0.6297127351735219 0.1719964802552773 -0.422951043697719 -0.8076088335891154 0.143400507541513 -0.4043013632349617 0.4714790071491236 -0.09122627806903934 0.3972406794359119 0.9627786677113823
 0.397220210764993 -0.8477861655473792 0.9812656641591381 0.3481452798399259 -0.4962568443508969 0.2017966090445375 0.08016449622795947 -0.6875546522042694 -0.3811509092615644 0.9248004977467581
 0.555480192423961 -0.251709219018353 -0.4232295539562576 0.7775361127809008 -0.07983777869940653 -0.4195481958290945 -1.054370666726992 -0.1962126271085203 -0.6084859339344337 0.2490113264552336
 0.5502776851910142 -0.2524436423126608 -0.4924990347278368 -0.9690655291791788 -1.368902432295605 0.2812431982253457 0.41876971597864 -0.9890777960105686 -0.3988898960175458 0.7810846002566926
 -0.3571688369841077 0.8818588870533827 -0.1914327786735828 -0.8080815466737992 0.7743878519670148 -0.7024093218482097 -0.6789943675474167 -0.5390007355552404 -0.9009530463033462 -0.9550970149476495
 -0.05466723937696149 0.4982334426509163 0.4673936223144048 0.4453467340607731 -0.08372926700240024 -0.06561299313307689 0.5834191549111738 0.512549686299647 0.4644146712859577 -0.7630134694802034
 -0.4000037915406477 -0.9081924538557686 -0.575548052099077 -0.09160915498049454 -0.7396046242676902 -0.5683217040676837 0.1842869950386223 -0.4888071225322572 -0.3888734395962883 0.5079900708627286
 -0.01776326606979182 -0.1592669715713541 0.05844817484220639 -0.408682272373727 0.5393449236134297 -0.2977125387818727 -0.5488869685257222 0.6131281346521794 0.2511813166440716 0.462245527876361
 0.8415902621074534 -0.3365645674721564 -0.3893444094965558 -0.2013847111824474 0.1124850406647461 0.5671644998537436 -0.2813193748661117 0.6414470689144322 0.0593750661599609 -0.4194734106490962
 -1.002538034000581 -0.1709699723006565 -0.8126001448008106 0.01617720059158032 -0.6643952717114846 0.5559291022760764 -0.3767602201662933 0.1711958015537867 -0.3002293259626544 0.131425031985499
 -0.3164132885255578 -0.3336298490685819 0.2596087710174246 0.7177709072930886 0.2599231750491022 0.09706062689719727 0.05242639686159734 -0.5728160727349223 -0.6653254918085069 -0.3224858473583131
 0.04016907904896178 -0.1803794065320633 -0.1788130943300462 0.03392514203055973 -0.4031405859765276 -0.622720861615674 -0.3979384376625152 -0.03892836554369832 1.033201462799942 0.001017589071129338
 -0.6381222566052062 -0.5705850231294436 0.5017633650639975 0.3949965053860238 -0.2406319469891301 0.2327833774634822 -0.8157194887267545 -0.1264266730457947 -0.4191042034738493 1.026089504722236
 0.3863375177367505 0.5143562635070381 -1.044245519903857 0.9112248961545233 0.9949588791675894 -0.6193916160440934 -0.1960733910595683 -0.3421081044990847 0.6621471608431723 0.397864170350836
 -0.7924602835854528 -0.4421054954244139 0.5790034934453187 -0.8137156440793577 -0.8083342104244055 -0.2024018952605929 -0.2526299994612956 0.989433453280549 1.07094250287126 -0.5572660360307681
 -0.7408975168174252 -1.390363116979127 0.1027242542600901 -0.2815439530907223 -0.2022567613057527 0.5466528638236315 -0.2084550944695448 0.6453515075202707 -0.4724175151817467 0.03688024394717877
 -0.3150785691745425 0.1058451929337629 -0.3751824775778069 -0.7976889724781082 0.1896106791888497 0.4445407622536814 0.5335974241605569 -0.1727140275621724 0.4995359569284414 -1.022397407818707
 -0.9451121151233792 -0.2215098886339561 0.6927036819721685 0.08601770857786671 0.5144350652632842 0.2973683194522759 0.1698680960333165 0.283380120919968 -0.2121266077862756 0.9939420385883498
 0.5886372548484003 0.9573242113749124 -1.088810801455205 0.3625299633778742 -0.744516633082196 -1.144247959011066 -0.9273465154330179 0.6027305871507481 -1.061351705697341 1.400673723924938
 0.09619425780452026 -0.7241597862716047 0.4903296721635431 0.8668062860598562 0.0484594772598379 0.04946431626167584 0.3138516387780412 -0.3092821828977922 -0.7852282016008804 -0.0914678642091141
 -0.9370045981073782 -1.095382497364664 0.1426733018196802 -0.7752834804321357 -0.6019153518153236 0.7777532011051361 -0.08799568707626358 0.03152933047955805 -1.090874028225818 -0.5559986614895195
 0.7869172641905072 1.0490314933911 -0.2612826058381981 -0.682997697979176 0.7370394123051498 -0.04971355196929747 0.1847053949510583 0.4302019228960155 -0.430810360222963 0.7711906354584426
 -0.8801214716171204 0.4042165128045441 -0.3818669321843183 0.7624378526833774 -0.9223187325208374 1.608333708265523 -0.02182858853596989 -1.024745817626059 0.2586484753667426 0.3773160975430337
 -0.4288853410308745 -0.2884384754870728 0.4018929182577178 0.7336993434641681 -0.432855870800755 -0.8004056610324392 0.5280888994097935 -0.1601535083043205 -0.9460152143853512 0.584543697348384
 -0.7463429042698585 -0.1499813527707071 -0.4532859958505137 -0.2243640214510045 -0.1974417980258284 -0.7622322079250748 0.07155469676919952 0.05865824206106727 -0.3498566292746897 1.161565618416708
 -0.2710969440274729 -0.8615956376445718 -0.4475260148939666 -0.3070767715624797 0.6569589541328349 0.4533062794730053 0.399899150076627 1.669089179102457 -0.6358534865612678 0.7274218818838094
 -0.4298019380374632 1.377277106382348 0.2536117431269686 -0.511415013149766 -0.4454807958063176 0.09431913222423181 0.3936235206927213 0.2141355371396055 -0.2289506780332852 -0.8266090769065234
 0.6513364981387125 -0.7239362774881445 -0.1434073023780217 -0.2391063601026857 0.9395627829181796 -0.6257089253041039 -0.03656159234287654 1.340576948731137 -0.4710122292129701 -0.7724556192725665
 -0.3156823867907761 0.09784982974443657 -0.2136342204007038 0.682140917483384 0.2113573552008196 -0.1483744069745325 -1.028148109764167 -0.9123966389759276 -0.4683145425450511 0.8289525881838858
 -0.7644272441700506 0.5492716470992388 0.2887129237097608 0.316748370084002 -0.08160945471936787 -0.7477922761230157 -0.4935448078948295 0.1160855540042712 -0.9953705892166151 0.3833396230980745
 0.8657221417071789 0.5074529000190565 0.430879635529003 0.4211786651734304 -0.9579821861604676 0.6848383977889801 -0.02135662580137753 -1.442283104254015 -0.2379588532318325 0.4178235165556242
 -0.6334528951362753 1.647364858298944 -0.3313161445735239 -0.3079690714220172 0.2575765390777054 0.707949426027998 -0.2974799804932776 -0.4794703239010252 -0.3065373384222899 -0.6507398804544136
 0.5502340958349613 0.1205153035950922 -0.718323101271491 0.7286247329190516 0.5778446589258792 -0.4330925443984675 -0.008644030572423416 1.071550833344961 0.3858681207997025 0.5927929868174584
 0.4886765177432799 -0.5040781321613982 -0.1091315002089014 0.4449443518371408 0.2100630459134577 0.3144509315853247 -0.844245047039384 0.2883411946789 -0.109686369411832 0.8335193233225903
 0.5276868303415428 -0.2245099249801925 -0.953924295475458 -0.2966664909987306 -0.3277182858814514 -0.02726669289413367 -0.3276484710753002 -0.8373649134278729 0.2150372379879524 -0.909872483013548
 -0.2771233041148856 -0.5254063563494703 0.3507857703091607 -0.5304432378570706 -0.4213577271264573 0.251851883863966 -1.000125252636395 -0.6941765139798847 1.23977628293049 -0.1618867267514685
 -0.6119968429869297 -0.07219224426738476 -0.4331009431779472 -0.05804739197904785 0.4710087956825318 -1.222426945708235 -0.02415208384385456 -0.2343995002492097 -0.6925680701093684 -1.128251459300166
 -0.6384704975880049 -0.1749013003284966 -0.2789119613898499 0.2368960663736515 0.3984799987319495 -0.1842944691210179 1.065250638735128 0.465972433036255 -0.08240188842479181 -0.08261433816355016
 0.5683915005123578 -0.8341444174430315 -0.1118960921134954 0.2672247889253153 -0.5758769222466589 -0.5088986365270578 -0.02469897727566946 0.4322537174402048 -0.343469346908493 -0.5282084859760597
 -0.6697065968258656 0.4674643969598766 0.1178237516402891 -0.060882496960929 -0.09834491718057252 0.08322283999176366 0.3446207757889078 -1.040183030195741 -0.02761551108722812 0.6965401418913735
 -0.4393031802713955 0.4784274894129895 0.08895624283706384 -0.008709461104751397 -1.195696669564842 -0.3757466680743606 -0.6764693172863121 0.2379488762987687 0.06503787307336234 -0.9680293658443118
 -0.3527036243260765 -1.017518680822825 0.4783158358907232 1.148447741271562 0.01959505950768386 -0.7602448710939134 0.02273920311743664 0.8905277013510848 -1.253849308256398 0.5988163146512788
 0.6697116322347219 -0.6464674192069375 0.127075612855566 0.253546618190473 0.4213568925541604 0.5823814169167969 1.027956313952612 -1.650698124427466 -0.1694261585553557 -0.375017160612966
 -0.02863342462789799 -1.083848776725933 -0.9231911252416307 0.5318737077365421 0.7040692851522763 -0.7230724603988914 0.782152232505268 0.6203171335560838 0.374476158746418 0.1561966385008206
 0.3050593806629152 -0.7961229301657866 0.940305303350176 -0.2468583656061282 0.1518369939187573 1.20732983052812 0.554800549599391 0.7192869572728627 -0.7841683882062596 -0.9941910983688655
 -0.306196175807034 0.6806037164243889 -0.4594180230847139 -0.4325130849880557 -0.5054762943358156 -0.06019131731946221 -0.6949773388734141 -0.2765086651259481 -0.2193695712283223 -0.1792881606722259
 -0.05628999707300426 0.5020797682619403 0.9063325068920258 -0.2512035779112395 -0.3041975026014125 0.7483547106579705 0.266452345278865 -0.7861465472742705 0.4524527577218916 0.9137043863882208
 -0.4948940892359183 -0.5485744580000301 -0.5453511520443074 -0.003502610593472909 -0.4176442772661898 0.9142672886388824 -0.9759268933381673 1.418596571916023 -0.2795512959758521 0.5769452051480003
 -0.4599598548007567 -0.2257230473270956 0.1360031172319921 0.4756797298899207 -0.4895914231475444 0.243696973525596 0.6279215008899471 -0.3335633406759002 0.7987620187649696 0.420104467496892
 -0.9257753241697754 0.9086570084899623 -0.2307966749525159 -0.6299756444368094 0.3814952474306991 0.6280376450219054 0.7353623506229102 -0.3745352705397499 -0.1598147184171821 0.4554321087952094
 -0.377788202071813 0.4838208528867252 -0.3018018651655212 -0.01037030447946871 -0.9813264995488099 0.5124096966812529 -0.427311403707854 0.4735662140416225 -0.680781690257614 0.6181722005138077
 -0.3168211306284134 0.3686155877062485 0.09367425657659062 -0.6073885144054753 0.2217469335801042 0.1596573465844798 0.007869008598521174 -0.5346489606517808 0.5803084521214169 -0.6753469047571596
 0.3729514944329924 0.6455117725230769 -0.8307713093473418 -0.9451277260032684 -0.9789663792340756 0.5880103888174135 0.4663438062935919 0.8057005203489819 -1.017268976121649 0.4659853148439096
 -0.8981596479586816 -0.7414586419671888 -0.548060234387443 0.3495003560900406 0.1507384016510265 -0.01080735380467578 0.7305602432840617 1.019370778103776 0.7808935676013552 0.4906842900042767
 -0.2311204065542878 0.5154630420615266 0.1587400003634089 -0.3187110718316756 0.1596127082266547 0.2492934389318187 0.8765954273080632 -1.017660162327158 -0.02073555300711346 -0.707869397628977
 -1.091600487702599 0.2274235995680287 -0.7838781847556922 -0.04695759695882833 0.09073618325691221 -0.1852977646884055 -0.70250936009928 0.05747723892103385 0.03013067603744458 -0.8917125015889588
 0.3872140911996687 -1.727012491462469 0.5973898068466521 0.3139856088199016 0.5500996526094983 -0.3162804795885106 -0.6667178393119244 0.07705017715536101 -0.1222287736749671 -0.4449527216167546
 -0.05521336490811975 -0.2854615934923044 0.3087843758357487 -0.1610193258185331 0.7630460808899624 -0.9425017244015397 -0.1183529650258948 -0.3246242992117613 0.1445453773568632 -0.3722078847950568
 -0.4908879259807276 0.5548909894903364 -0.2004237897071661 -0.7168761616675021 -0.851389609635556 0.5398269335712931 0.4252412822705841 -0.2859104828364212 0.3603563545957771 1.137897013924897
 0.1794883110235805 0.6404307621938771 -0.164806616110307 0.5240561204704318 -0.7068812257194211 -0.3984985419955273 0.5544757056983115 -0.2547196252656755 -0.3588613850928516 0.6992213649501031
 -0.06181312708772704 -1.135211860410296 0.4069707113180995 -0.2200396844194762 0.1896096135202654 0.6192941245891037 -0.6946050133176315 0.4880873781222724 0.1138602682741824 -0.1482599733283168
 0.7120463838610503 -0.8183658580772308 -0.8351437395812703 -0.274383074211784 0.2746464838240122 -0.3228563729598803 -0.6465943473837547 -0.4856379048033181 -0.2383697825288877 0.5428842985130807
 -0.02694038563450561 0.9017198755325803 0.04947608937104808 0.3024667757237599 0.8900675677145016 -0.4357299236079477 -0.8385230259416705 0.06797206571532056 -0.5262407319849883 -0.1180290729346047
 0.2730831432421586 -0.6652969933909768 0.4312370109928532 -0.5171892898384868 -0.1031097005533999 -1.074329857479895 0.5378512683527948 -1.08840764434691 -0.2219540734986696 -0.8305898509836809
 -0.6348062204001387 -0.2495083849985594 -0.866071583845024 0.8841337367177666 0.03314533445224359 -0.2466324852561058 -0.2894330978035639 -0.2264760719575499 -1.116243679558073 -0.6457639864398775
 0.07436251608067561 -0.3120312714572531 0.2085455100254542 -0.409233732954258 0.03800281248502533 -0.9423173076208124 -0.4972331234128459 0.08452317242802992 -0.2961679273063361 0.6744580011037264
 -0.2116304389975472 0.1726683564908402 0.2347317733238494 0.7019390912834612 -0.8036961902371098 -0.1617378508743609 0.06128864135930166 0.451492821260865 0.6314750540590255 -0.8773651839553019
 0.3904285424384688 1.491491967653282 -0.5236352007442859 -0.6261954234068833 -0.2435405542700583 -0.7015137061200887 0.1135295936405808 0.8498088827235121 -0.358435804509894 0.9314229582526413
 -0.2341403886907363 0.8304797551226639 -0.6438128459814251 -0.5286038441865328 -0.8132354298316822 -0.210585364813023 -0.1287273698600834 -0.08746728619388937 -0.5473695389183496 0.3221861388090268
 0.6668892829783349 -0.2913700668102157 0.2018746382403369 0.4857493861238975 -0.09583767129032643 0.1535231868723572 -1.053718135294018 -0.4520062701835034 -1.220832680730313 -0.0432340200682355
 0.1730893743300315 -0.1104106182768096 -0.5566001731560445 -0.7175115440096028 0.3438988793050935 -0.2753374518675215 0.3635232801824141 -0.1347551084553856 -0.3632784492539426 -0.5606490311056276
 0.8327944222911716 1.199942618480057 -0.3162013854640008 0.2338090643160554 -0.9462015008689481 -0.7294134734222734 -0.2759659704094928 -1.353251074217039 -0.8146409015445369 -0.8039818988059786
 0.3465244474666369 0.03585389349955945 -0.2163632398043501 0.4058041519600787 -0.2212753354442739 1.318016728419515 -0.4517472753188325 -0.2360010591953266 -0.03800014245880718 0.08980220370291345
 -0.2333216727679791 -1.091037533992006 -0.9828964676799561 0.8781044111353055 1.02135520725204 0.4784072036376322 -0.7982862032715747 0.2820925897133252 0.8182384806842482 -0.5122480558650959
 0.3395590816988658 -0.9316450618829384 0.4214188765283594 0.3549431968526224 1.007683323994511 0.2235849338664375 -0.05423725094161275 0.3277931472983431 0.9123141171026632 -0.6543716553644571
 0.4671730300042763 -0.1919623570506754 0.7323511250894902 0.2910900479979328 0.4578292322205524 -0.2582632734634215 0.1044561450687727 0.5390058135903794 0.1318882680846209 -0.3928878185113595
 -0.3916624736141506 1.032188981821036 -0.59503405256518 -0.01661234600504631 -0.1903566784907331 0.7065911057020909 -0.02837390109056051 -0.6487900006369862 0.4249238963678319 0.2983756167705129
 -0.4755082053698564 -0.4414320080060654 -0.3138453312367932 -0.3173323211320783 0.5812719424374783 -0.1642754572475705 0.7332418399686554 -0.7627100945129447 0.2027959902819804 -1.328226104570725
 -0.4880237900772673 -1.018675889240263 0.1105737668572193 -0.2549799390040287 -0.7090417716624775 0.4040238448009524 -0.6890971237489816 0.4274125529016363 -1.67458137224699 0.1662486170330465
 -0.6733704802400093 0.6603574658996697 0.2603261833692717 0.5312921465248374 -0.02337477497291311 -0.9829720942992716 1.020168541403252 0.09775162416166301 0.6392290461881009 -0.6062039971100983
 0.2584649543112987 0.2776426320695365 0.9612717089380678 -0.2137057005537226 0.1011310982495565 0.230246038995098 0.3802578436738707 -0.3445796244101965 -0.1520000963907491 -0.194428995465254
 0.1572342408328506 -0.6076023239579614 -0.8678253847276907 0.592247003436111 -0.1610367562942097 -0.7968241019166106 0.8406561375468291 0.2417102956054306 1.381259211570697 0.7017747147424199
 -0.2264786731645543 0.08706152831453121 0.47070483496013 -0.3699999760860351 -0.5631002643597433 0.02808792925393596 0.5644080367591146 -0.01004599722420803 -0.3584581840168974 0.05841336373901702
 0.8541047522846591 -0.4865207846430725 -0.2040283718770117 -0.7043959389980202 0.1368654014835238 0.2766893220989776 0.4370605259076468 -0.01038854528398098 0.590195771946003 -0.1351032347197957
 0.2329861321116549 1.523720874074 0.2899163848520401 0.5718448970511113 -0.9273786264728567 -0.0009072480868553279 -0.1347060540254815 -0.2683685337260246 -1.504669702062116 0.08429531129334851
 0.6587211346249345 -0.8635251503469582 1.017527131983062 -0.4739113558674164 0.8500113397712488 0.76386917048451 -0.3813138881064429 -1.207884327299198 -0.103312855600753 0.3830578605265126
 -0.5090956408980899 0.1698675358561441 -0.497320813353939 0.8241131455108783 -0.594377952727406 -0.9397278001521293 0.8071531855300507 -0.4660605578046912 -1.121982366146741 -0.5845925894170209
 -0.7674310243406482 0.751393099025907 -0.2619970728686108 -0.4438745189826766 -0.5445621205476923 0.1101615905443293 -0.8070186388361656 0.5243585320225016 0.4421269518587725 -0.7112378437033626
 0.0148864814479347 -0.6240857226140061 0.02022845299438103 0.9213819237351227 -0.8721524763139775 -0.9050035008212315 0.5132207623937942 1.127772665704087 -0.9622685021424344 0.4749707644455551
 0.2498134346810414 -0.9853180838985217 -0.3626022483696758 0.3939549169932034 -1.012374030769013 -0.2721946552571682 -0.9481160300426303 0.7909218615032991 -0.6799285588665948 -0.1178145159080708
 0.1765376071102791 0.6018724975243924 0.0313352800175191 -1.346117342727443 0.3861843558340466 -0.8610635315868178 -0.4653750774492431 0.6327773315422354 -0.3531862538364506 -0.295329040483831
 0.4869017627183758 -0.4775000241856237 -0.4052859539832681 0.462443639259343 0.310950156137476 -0.7280978454427086 0.3676237433028088 -0.4375035729785576 0.0106062849736317 0.04168197696326319
 0.813221502017683 -0.1002731753730373 0.767545391633666 -0.08142042371181084 0.6766052841697391 -0.5627369475122131 0.8813203989850193 0.01083732669252971 0.52341796400911 -0.2233829715391283
 0.9448198017840035 -0.1970341069820316 -0.3297684403118673 0.9008618450568188 -0.1590744541102342 0.5936553309358406 0.6078988292171914 -0.08403664705554031 0.3818749202289808 0.8581243228939343
 -0.2456947387997367 -0.7170500705259036 0.1059478406053626 -0.2645757468375953 -0.3697973486317566 -0.3754821394224706 -0.2211179480500211 -1.037302460784587 -0.5793544633047902 0.7176047525109044
 0.1515102946849898 0.522647221493479 -0.1501500179733465 -0.7557983038736105 -0.3016990863570036 0.4199123838475882 -0.4775500473361556 -0.7613209098963851 -0.5020394378652009 0.1769697782642292
 0.1201083646278198 0.8811229074865248 -0.4929969394663954 -0.2148259263733311 0.3954051049416905 -0.2987177074191831 0.1370584105064423 0.1093293956041673 -0.3957036523513172 -0.3374338683422411
 -0.01167642555771926 0.4152239058303014 -0.7464822615702571 0.4660809655414099 -0.5195123830708359 0.7276391677474987 -1.056615200733179 0.142311033105114 0.4141680472199915 0.09032835805901136
 0.005345183460174617 -0.6152386015905494 -0.005756687908566848 -0.5663833209444931 0.6494820934490924 0.0703448637357392 -0.3844152824161389 0.001798393258443278 0.4184507608334757 -1.025036096227195
 -0.05977835217626047 0.8344924874713207 0.639409006293849 -0.1466420233865597 -0.001841249568148706 0.9112540879194261 0.1148382507408797 0.4796065618533113 -0.06411567058737659 -0.3487176426762064
 -1.053881928289982 -0.5445925442924581 0.1389462144715326 -0.0284280373948116 0.7069567667577275 0.4393149413218043 -0.1000335205858474 -1.128834130515822 0.4886222226099597 -0.0991724586299757
 -0.8278853309666433 -1.012688807728252 0.5130262208292661 -0.3943800201666893 -1.090187824309947 -0.828472725658465 0.445300486327793 0.7882814701221939 0.1515675286254312 1.179796627172512
 0.01181791198726858 -0.4561208010537991 0.7024583959563107 -0.7502973001625651 -0.4741769986434432 0.5891135508639116 -0.9777794438149804 -0.6392955355966612 -0.2247712661568653 0.8885505804543166
 -0.03652388089697286 -0.1274252930805134 -0.9658403178665652 -0.04307910439545373 0.2148673391164611 -0.6273737262625497 -0.3273482981324968 -0.9976549145306586 -0.578832845988507 0.4933677404317485
 0.3451747527829178 -0.2082032034844529 0.05751463507028801 -0.267258358010622 -0.6126298526633819 -0.5789135312896949 -0.4478031052558477 -0.7719122347366941 1.026438927156042 -0.8486015313247686
 -0.7397229030582072 1.269180368549255 0.6976944613356454 0.4331850895868338 -0.6849526199010231 -0.7610104918541047 -0.9293384112313356 -1.372422627551039 -0.07573000276196155 -1.04910305067593
 0.3011432304478635 0.7193917910265616 -0.6678295185667346 -0.9415129612183305 -0.6312017562412618 -0.005165574080997573 0.7660312767020921 -0.4177647773257578 -0.3492510276426723 0.01629774199055174
 0.02273916201110386 0.4036373076163613 -0.6629100179146348 0.7886235877324651 -0.3320794619894891 -0.3797160623399564 -0.01888794106578733 0.3142680777732698 0.7231357067361908 -0.167618643219676
 0.5699101660367737 0.8023885557724333 -0.6884165835431814 -0.8327194658230355 0.5849898701856815 0.4932087888790991 0.3185334462096614 -0.3320361583285758 0.09148086212384025 0.397931915321328
 0.7863559781572328 0.7488399413164536 0.3823165061758493 -0.1769153697278577 -0.772606030092771 1.373596644041971 -0.7891477701026117 -0.9631693977732506 1.457383816082056 -1.010301030129693
 -0.648042741870914 0.8311006177341185 0.3149974064013458 -0.4187131082373901 0.7115429139470764 -1.31106265383245 0.1761211506148711 -0.5250220686281838 -1.53468585468887 0.5240970328407774
 0.3490997543664186 1.800769029678598 0.006816963865172604 -0.1054438719259175 -0.7033892794945276 -0.7512623229047654 0.02717018936920222 0.6182696078415303 -0.6497446316242272 -1.296056871618741
 -0.4462207853422752 -0.2702896495854317 0.669883215622864 0.41906157057125 -0.7027369046425821 0.5442432107492707 -0.5739873762416481 0.3920319234782362 -0.2177714214090433 -0.6884934779360191
 0.1952250777404986 -1.013254243172567 0.3788132717803282 -1.17984875910774 -0.3387950278261564 0.768740624371289 -0.453957595626066 0.233824528981132 -0.3289096448997456 -0.1939112028321174
 -0.2428149670311045 -0.05916771603839065 0.7375486889568887 -0.08698210626543539 -0.0879592824987515 -0.3176120259942 -0.4845660542764266 0.763673886425221 -0.3590388900662225 -0.8977440006987393
 -0.2755345873099961 1.160079845760588 -0.8562297400370958 -0.09221537572594261 0.01293681571546422 -1.2532937093557 0.08060884836495605 0.3193384317206946 0.7952375701882296 0.0735640493621441
 -0.6516764515175296 0.5322908519982231 0.031891314571792 0.5064373407469867 -0.07424043149562304 0.325492011707217 0.3558581040645037 -0.9397073120115225 -1.648411933996544 1.266195777800534
 0.6551749867373072 0.02597085516459875 0.6571219629380237 -0.08630729350375167 -0.338113269291213 -0.1020726035975739 -0.3949570664434661 -0.9471403052902823 -0.04572527025924673 -0.2526689279536727
 -0.8417285398723925 1.204816902678459 -0.3942186934451222 -1.296507559397425 0.1377803943864741 -0.8068918481100134 0.06801041095469017 1.687740641461557 0.5118237876631514 0.1478040082042925
 0.4733575836624052 -0.7210733847199338 -0.1975731384201252 -0.9536902110974355 0.4266220725188709 -0.01796476297605258 -0.5367016397323182 -0.3952374798489442 -0.0329891606266372 -1.102629726678428
 0.8572392171590981 -1.027425321302804 -0.3741814377955099 0.04014042683395158 -0.2307998537111287 0.2768886985877397 -0.308310117206649 0.8393443349077319 -0.2074701711308899 0.5884501461057722
 -0.5582930539130787 -0.4721228164355704 -0.1297924195235576 0.3957331656802743 0.1457611461303234 -0.5801881925308378 0.0427324839764628 -0.07024513302665691 0.5727211134877995 -0.6267460833491953
 0.5614548210496753 0.5745473286525724 -0.5224126997298307 0.1569697814394018 -0.3279962100182826 0.3168811095211189 0.6952206407484133 -0.3061393829542647 -0.5078942414369012 -0.800325194107835
 0.8936024692194793 -0.6890690535835525 0.2371022148615916 -0.9155444323339018 0.005933305938300507 -1.34003547084113 -0.1314530246353513 0.05177040320019922 -0.7976285412827289 0.3869738680656297
 0.2060352319171434 0.3567275770818261 0.3396051281998853 -0.3401814517120397 -0.7406610137487799 -0.6035892466561699 -0.1170350457810738 -0.2886446767817495 0.1768265677220053 -0.6727616675576306
 -0.7148424018990064 -1.05222623342617 0.8716073442194709 0.1254346275292377 0.6883574613930177 -1.024773144810033 -0.3187064125422178 0.9817778818982109 0.5557186690151286 -1.063174851966171
 -0.76608758992521 -0.005757444654151396 0.1817558685788965 0.1697928095356636 -0.09221755955267712 0.9228213807560279 0.6358595338621446 -0.3679826997844535 0.7446783862811056 -1.292692862763119
 0.2516497724326388 0.8894333543961215 0.3525463329734352 -0.4608792050671051 -1.039448165167843 -0.1009199652708059 -0.200969418112217 -0.3307768258772977 -0.3289647220942827 0.08723082161992303
 -0.2360801568010548 -0.8515803567653443 0.07249080439763624 0.2224915054386631 0.4635911711720733 0.3337637074651133 -0.3652216586446478 0.1922994764850745 -0.9363713979367806 -0.4374707371491298
 -0.3376820586254934 1.234618429778516 -0.1087488190800189 -0.4290744291025462 -0.4968588395193733 0.05252995918594779 0.781157710900239 -0.264557374363079 0.9487801098068274 0.1107687878557575
 0.4801213508519965 -0.4141416368140549 0.1132714045709861 -0.4552750830739217 1.088440211203051 0.6646232986602834 0.696953589461151 -1.180761908385268 0.6035336909363861 -0.1217425462685593
 -0.6991315344059384 -0.09075752609007857 -0.2692770987672686 -0.3678702985266539 -0.2679454215036188 1.4427341268683 -0.8801743957118573 -0.2340926658353418 -0.6676550528494584 1.182575000043894
 0.8220788540153343 1.059299852732152 0.2445825696970863 -0.4449537457369403 -0.8516503665262163 -0.4663069417823197 0.508427661089393 -0.9095617601338056 -0.6129774293448889 -0.5020934993115616
 0.7816988426549449 0.6359229138033834 0.1218354727566515 -0.2990143746666031 -0.1496478734016033 0.6720929678550667 -0.880816185530409 0.423962946902849 -0.6982849946962166 -0.4410271643203812
 0.7856361002568322 -1.876375391923082 -0.5821834799098103 0.992950289280873 -1.229201133950532 1.467950084312849 0.3290803096618968 -0.2910808376557038 -0.7637719101217062 -0.4667373331595547
 -0.9662448809773108 0.1097324421698628 -0.4836016804674979 -0.6269555458385936 -0.8060078016343437 -0.3274250974297707 0.4125624598168786 -0.06088056882423887 -0.5543992685811212 0.2113456023591254
 0.8631777229851081 -0.4039813554724242 1.043295391347213 -0.3135490432737025 0.08172646281637573 -0.403760693083792 0.660593462502394 0.02833037085058885 -0.4568786160913332 -0.7771261559422402
 0.1067994891122943 -0.0277899381051129 0.270271001435899 0.2102384545382537 0.1830555690714245 -0.1672907466041497 0.373586256856449 -0.5468058951355231 -0.4782306878334339 -0.5629039678273347
 -0.3677292166750529 0.03201061436333227 -0.8205783797954032 0.3285466258286646 -0.2981202976434104 0.8143412007083799 0.5648919822751681 -0.4201807486539375 -0.4038941204509973 0.08491396642083728
 0.04961614583975932 -0.4849669688712303 -0.5477330554799256 0.3331703036357865 -0.4160645663328898 -0.3405917328077394 0.0647796738186088 0.1738237346239654 1.205564723208661 -0.7867515372747882
 0.7987010639436489 0.7604911569429967 -0.5832257963884501 0.6216499472389532 -0.5927855034302735 -0.01921680246688907 0.260398662290488 -0.4051021810246341 -0.660916903080211 0.1132510429386668
 0.5132070791396793 -0.5072230983213251 -0.4398877104871592 -0.4208684121985706 -0.4863233071901621 0.05526163628137494 0.5595286268865064 -0.705868889654979 -0.6451723987730399 -0.6291172142621101
 -0.06115482011380391 0.4488675523987256 -0.7605982201781593 0.03496562668407705 0.1268305618521211 -0.356150207617093 -1.040853769109847 -0.4789840972681882 0.2859263023994316 1.091630056698843
 0.3971087305031884 0.4988914543214339 -1.142922532688502 -0.197615984871079 0.7994881511525921 0.1438015536570468 0.4194837888508127 0.6803069812373735 -0.3925226280093287 -0.2532656141368734
 -0.00800457577692412 0.3194860813354354 -0.4519489648187826 0.7034435668742128 -0.9610181484692449 -0.2117884757164146 0.6755506404918322 -0.6232084662017503 0.0668225005997307 0.5931000244022477
 -0.338709259742945 0.4372862334307049 -0.672927707121469 -1.037570966828809 0.218613135518721 -0.1758589285917281 -0.9740492040253352 -0.7917771212462454 -0.9552503109311862 0.4153086292969
 0.2769393664955465 0.4021089635390981 0.6271837249465665 -0.04035813767808318 0.8326691420408434 0.5993991820970873 -0.6108806268131233 0.1628361084239915 -0.04340555378011238 -0.07219973853175873
 -0.626394049742693 1.275260860593805 0.2351197418941824 0.01358956283773434 1.097770931282503 -0.8329226179176656 0.6492710274311387 -0.9936706480729774 -0.5374761702176707 -0.2282460150356199
 -0.3416753577715629 -1.324364912496832 -0.2369492240854704 -0.04714720044788008 0.5356446355039767 -0.09403585605462006 -0.07412708834556941 0.5622279573554064 -0.2104457945502203 -0.322666870507705
 -0.07554241154155789 -0.6784524544267424 0.5471788863840681 0.9775950713740389 -0.5220147836640391 -0.9653505627080886 0.009060315660418036 -0.3243163295569172 0.4267031127040497 1.419617585199355
 0.6876616831290027 -0.7815768052447992 -0.3077096282790977 0.738295419281505 -0.4392637048429972 0.111753357941606 -0.3065938797868897 -0.1454981855964725 -0.8734309782243619 0.0865689096922759
 0.8557556760983899 1.143911832632058 -0.3551126121832015 0.5614981217270569 0.04481593890486442 -0.9911353428623407 -0.6357573803674917 -0.2705513350722994 -0.07673134979937082 0.8794542469732149
 -0.2557142508241789 -0.8923585966261613 -0.9432821580959534 -0.6985866752158485 0.8780240517114418 0.574101068353391 -0.8920745535274818 0.5556966020032479 0.8675732540111361 -0.2238891157881962
 -1.059138732511155 -0.4240447436542873 -0.08206679064314984 -1.003355865838512 -0.2775130386611487 -0.7142207575761249 0.6872602446259817 1.044939182977773 0.6928504612616658 -0.06870598345199852
 -0.1084657283833807 1.566289554781089 -0.9162604362096584 -0.3899096282442773 -0.4517999975556768 0.09853499384627867 -0.1885039729854595 0.8525701354708259 -0.2242745789639775 -0.5589078241259209
 0.9210981297949036 0.1905117325308053 0.1686444288507437 -0.2209400732556894 0.0002288128236599625 0.6808410211898012 0.3415028459590744 1.104744275073489 0.4808531946730423 -0.3359954175938491
 0.004588013410886105 -0.6926705234432428 0.06826132824624428 -0.07695468521546944 -0.6310311760200085 -1.241054582190773 -0.6929952778654652 -0.3990832380728571 0.5571697874244373 1.090728177170192
 0.2606288434815996 -1.736671203673873 0.4035697307529725 1.049503750630589 -0.190302799846272 -0.7349906645580573 0.3061726032396369 -0.320558313104899 -1.191454284901456 -0.2680045736883229
 0.4782354966284242 -0.4298162931487167 0.006585273071609566 -0.5230156262031493 0.09045292668103323 0.5822337164747919 -1.002967984949221 0.612802503654869 -0.7244741887953884 -0.6018932071109505
 0.8734485230699508 0.05565483922516555 0.06090109700207536 0.1458552500339796 0.4329676332318231 0.8142076254616244 0.6326505777091743 1.058612989684322 0.06211050274280596 -0.2904128588390118
 -0.3189462908596595 0.3263302981238971 0.3063377850836299 -0.720509387015425 -0.1067441807011458 -1.200252019609735 -0.2299250354962314 0.9779480431990897 -0.957949498734305 0.1074914341431688
 0.1247148463060088 -0.5863100655209416 0.07653070057528512 -0.5347115090531048 -0.02835217446518437 0.6082103299585434 -0.1907235911493662 -0.8160558718344197 -0.7816621973934882 -0.1883924440420292
 -0.05666437004317382 -0.8859367547747551 -0.08061932492111308 0.2152133760027115 -0.534678731159255 -0.7526076530545197 -0.4955097853204273 0.01597444674811577 0.07177117950212698 -0.1981583403538849
 -0.9546503427447778 -0.661297587605164 -0.9370393027688616 0.1912691290292359 -0.2420799152924761 0.3725051869596678 0.3877515073784233 -0.7622632555778123 0.7208131136732964 0.1109735435461041
 0.7948758929568707 -0.3047260983891678 0.9218035123386135 -0.8168728245513728 0.4195196148129592 -0.9461057001619648 -0.6216574909682352 -0.7539575966044273 0.3220304762414106 -0.3082338556429064
 0.2397666454059522 -0.4165000643868937 0.4125229793976968 -0.0653970202420837 0.7166976971561801 0.8603710843530529 -0.3377694104943255 -0.734782557685975 0.5230026065076916 -0.7283383710691446
 -0.001185313005662872 -0.3900924494853792 -0.3371338517786676 0.04375206539621527 -0.6048746839266873 0.7188209442065435 -0.2148102157009661 0.3175615370675456 -0.2030039343701401 0.9597004783698385
 -0.07826942964901902 0.1580572807637232 0.813377317096038 -0.6378699660775595 -0.2778597218345746 0.06422922362390039 0.6139438017158706 0.4089759884620332 -0.9963923846666811 0.4858500249512059
 0.1528299989280509 1.790248039913031 -0.1063951827990282 -0.3452853340556343 -0.06223321651951658 1.096313190995497 0.4100983559857598 -1.200632985546321 -0.9719027797266854 -0.4980810882099289
 0.4284033548508521 -1.200277535280015 0.732185350751552 -0.03097502893156171 -0.5663181437140058 -0.320112962082415 0.1105448213737582 -1.091108397842237 -0.6936946235140061 -0.6222801088639013
 0.7960630485239985 0.2455657862614689 -1.038471321021853 -0.02845810361594505 -0.950569945014526 -0.402745800433221 -0.405182715794706 -0.1297546156306887 0.5710121444984799 0.3144082121487061
 -1.009812453680104 -0.675569248140949 0.4169294723673895 0.9830072908702145 0.5148226745029885 -0.552385523059594 0.4450948366401074 -1.239293329657122 0.003322481677719473 -0.4847499450745432
 -0.02777690129481104 0.2025437877719343 -0.9103536883707652 0.5794100006752363 -0.01104275606662474 -0.3048278196847747 0.9007735895337488 -0.7382166704506491 -0.7673638808212584 0.6282308310351757
 -0.2731313463587143 -0.9146426053475224 -0.2957996677387975 -0.2281503175236931 -0.5615042027332457 -0.3604896239820213 -0.730943690528231 0.7723384863509291 0.9492162919805912 1.281247719529891
 0.5829918280226444 0.8227342238047468 -0.3512524491594807 -0.3038699203956556 0.3230536267618571 0.512262769985401 0.5680024485917533 -0.5337022656706795 -1.146752677149497 1.052135925602959
 -0.930459977814007 0.5505333495436967 0.1100067202914556 0.04334139769647291 -0.9159594412763353 -0.867362643955304 -0.3280897170506314 -0.7040212560323057 0.6862844104153544 -0.4599528225192087
 -0.7221458680885957 -0.6682601478264067 -0.8385536525507647 -0.1538511943461394 0.3078013535781988 0.3907674822328739 -0.3275363186876106 -0.6994101574664854 -0.514229220371432 -0.4104080614716051
 -0.566880157240681 -0.4622990354017786 -0.2265331956420965 0.1987035389904122 0.7267803374190192 -0.5945743765403776 -0.3011970445529777 0.448985766580029 -0.6290130190424102 -0.6506876181177726
 -0.2908338474128888 -0.7572223520634266 -0.6345692307045382 -0.2420530516873628 -0.2241604798452725 0.09140791710501048 -0.8121895268132923 0.313535381418733 -0.9224363701326939 0.2804499284794444
 0.2149556952752271 -1.065954197336568 0.809549953139722 1.065980299870748 -0.4802802317571191 0.2104901303532843 -0.3566439471392202 1.425534821360855 0.3339447792482493 -1.360062113315906
 -0.188423664521965 0.90485685998513 0.1261782227502281 0.9200090850645803 0.542678051017513 0.2668838980667559 0.1835928028612983 -0.4077466533848512 0.5294033872671334 -0.7201293872942236


